F:\dp\4\yolov4-tiny-pytorch-master\VOCdevkit/VOC2007/JPEGImages/IMG_2274_jpeg_jpg.rf.2f319e949748145fb22dcb52bb325a0c.jpg 81,448,342,598,0 578,593,768,722,0 427,263,583,375,0 1,283,253,395,0 306,402,525,509,0 213,168,486,270,0 297,247,496,348,0 87,765,290,865,0 406,46,674,145,0 211,751,458,846,0 568,126,769,220,0 548,816,768,906,0 540,463,769,550,0 5,654,232,738,0 470,670,660,749,0 616,363,769,441,0 1,912,76,990,0 224,784,447,859,0 360,756,510,830,0 1,467,69,540,0 544,896,769,968,0 570,389,631,459,0 1,24,62,95,0 324,840,536,909,0 290,525,394,594,0 105,243,255,312,0 1,840,123,905,0 213,632,385,696,0 491,607,593,665,0 230,714,441,766,0 626,597,768,648,0 156,980,363,1025,0 428,980,633,1025,0 1,109,21,160,0
F:\dp\4\yolov4-tiny-pytorch-master\VOCdevkit/VOC2007/JPEGImages/IMG_2275_jpeg_jpg.rf.66355520a49ba7fb7082052f7ca6fee0.jpg 1,702,232,855,0 59,458,505,608,0 582,2,769,143,0 518,325,769,449,0 546,453,768,572,0 1,594,125,708,0 1,1,58,100,0 396,896,769,1024,0
F:\dp\4\yolov4-tiny-pytorch-master\VOCdevkit/VOC2007/JPEGImages/IMG_2280_jpeg_jpg.rf.5abcce5be523f6507bbaf731dd671226.jpg 533,1,684,103,0 305,638,476,731,0 674,14,768,107,0 13,63,162,155,0 1,757,109,847,0 558,162,768,249,0 646,933,768,1020,0 404,940,546,1024,0 515,875,640,956,0 305,59,530,137,0 164,573,303,651,0 632,768,768,845,0 455,382,649,459,0 218,556,415,633,0 52,173,241,249,0 496,277,668,353,0 648,578,769,653,0 354,735,528,810,0 664,840,769,915,0 441,648,561,723,0 1,857,67,930,0 592,682,759,755,0 183,929,316,1001,0 322,768,480,839,0 271,363,440,431,0 590,613,751,680,0 461,290,574,356,0 413,589,552,655,0 329,850,458,915,0 523,428,696,493,0 494,797,630,862,0 416,1,542,65,0 1,157,63,221,0 404,199,577,260,0 1,344,100,407,0 141,240,287,300,0 76,365,190,425,0 386,158,540,218,0 479,527,699,586,0 255,432,385,490,0 205,813,368,870,0 282,297,455,354,0 1,248,39,304,0 125,883,245,939,0 54,316,217,371,0 41,478,253,530,0 678,435,769,487,0 322,968,424,1019,0 1,586,122,638,0 76,713,233,763,0 1,426,61,473,0 505,482,667,529,0 692,406,769,451,0 131,456,273,498,0 688,657,768,722,0
F:\dp\4\yolov4-tiny-pytorch-master\VOCdevkit/VOC2007/JPEGImages/IMG_2282_jpeg_jpg.rf.510f3bc14c3e0aa378b192199d01cae6.jpg 316,423,606,568,3
F:\dp\4\yolov4-tiny-pytorch-master\VOCdevkit/VOC2007/JPEGImages/IMG_2283_jpeg_jpg.rf.4f28032102ddc4534410f9bf474ef1d0.jpg 351,492,419,609,3 203,267,274,373,3 495,556,611,647,3 196,472,279,543,3 1,417,61,486,3 87,476,160,542,3 340,260,411,313,3
F:\dp\4\yolov4-tiny-pytorch-master\VOCdevkit/VOC2007/JPEGImages/IMG_2285_jpeg_jpg.rf.4a93d99b9f0b6cccfb27bf2f4a13b99e.jpg 191,309,315,470,3 111,318,184,463,3 385,341,553,541,3
F:\dp\4\yolov4-tiny-pytorch-master\VOCdevkit/VOC2007/JPEGImages/IMG_2286_jpeg_jpg.rf.bbcb2046dedb8e1fb3a9519848c1a4c2.jpg 177,399,648,588,3 562,89,687,262,3 482,109,547,271,3 619,104,712,253,3
F:\dp\4\yolov4-tiny-pytorch-master\VOCdevkit/VOC2007/JPEGImages/IMG_2287_jpeg_jpg.rf.cce12b7bb4e49aa145398504aef84c99.jpg 65,173,563,680,3
F:\dp\4\yolov4-tiny-pytorch-master\VOCdevkit/VOC2007/JPEGImages/IMG_2290_jpeg_jpg.rf.3698fd48defd03b2550f7ba8b68314ee.jpg 224,311,674,706,3
F:\dp\4\yolov4-tiny-pytorch-master\VOCdevkit/VOC2007/JPEGImages/IMG_2291_jpeg_jpg.rf.78e908bd2cc12eafc40a5bf3101b8b39.jpg 218,244,739,516,3
F:\dp\4\yolov4-tiny-pytorch-master\VOCdevkit/VOC2007/JPEGImages/IMG_2292_jpeg_jpg.rf.122a0051d4d65d8651089a2ebbc2ed85.jpg 148,241,652,649,3
F:\dp\4\yolov4-tiny-pytorch-master\VOCdevkit/VOC2007/JPEGImages/IMG_2293_jpeg_jpg.rf.0a25194b094d64e91068eaa7fcaf4feb.jpg 174,331,507,697,3
F:\dp\4\yolov4-tiny-pytorch-master\VOCdevkit/VOC2007/JPEGImages/IMG_2294_jpeg_jpg.rf.be432d5740148075ba72a4194c788a0c.jpg 70,156,173,250,3
F:\dp\4\yolov4-tiny-pytorch-master\VOCdevkit/VOC2007/JPEGImages/IMG_2295_jpeg_jpg.rf.498a525f58666743ef5d65b7f6438adc.jpg 346,431,579,533,3
F:\dp\4\yolov4-tiny-pytorch-master\VOCdevkit/VOC2007/JPEGImages/IMG_2296_jpeg_jpg.rf.56a86afeeeb9a6c12746f77b7346ff19.jpg 320,120,512,227,3 459,567,648,666,3
F:\dp\4\yolov4-tiny-pytorch-master\VOCdevkit/VOC2007/JPEGImages/IMG_2298_jpeg_jpg.rf.45a350037d7622eacf2a1a188b28fb54.jpg 123,351,208,444,3 436,306,502,397,3 186,338,267,424,3 517,181,581,265,3 273,362,345,435,3 233,364,293,434,3 361,403,426,456,3 290,353,336,396,3 603,231,663,266,3
F:\dp\4\yolov4-tiny-pytorch-master\VOCdevkit/VOC2007/JPEGImages/IMG_2302_jpeg_jpg.rf.aa8d7da0c33370589f2b441c7ca26450.jpg 225,496,497,601,2
F:\dp\4\yolov4-tiny-pytorch-master\VOCdevkit/VOC2007/JPEGImages/IMG_2303_jpeg_jpg.rf.0c70be2d073ae94feeb463b79babaab8.jpg 83,372,699,799,2 189,345,256,455,2 136,322,172,372,2 340,349,366,391,2
F:\dp\4\yolov4-tiny-pytorch-master\VOCdevkit/VOC2007/JPEGImages/IMG_2304_jpeg_jpg.rf.87ed7625b3869f06caf5a9ca5720f3f4.jpg 375,414,658,644,2 301,45,364,137,2 607,100,658,168,2 277,93,302,127,2 686,138,717,179,2
F:\dp\4\yolov4-tiny-pytorch-master\VOCdevkit/VOC2007/JPEGImages/IMG_2306_jpeg_jpg.rf.9bba6ce48724517b19474b85178391c1.jpg 359,436,440,560,2 296,376,323,436,2 448,378,475,434,2 566,376,592,429,2 486,353,517,396,2 726,370,748,412,2 520,392,562,433,2 601,378,626,417,2 620,375,637,410,2 422,382,439,410,2 686,391,704,413,2 380,381,405,418,2
F:\dp\4\yolov4-tiny-pytorch-master\VOCdevkit/VOC2007/JPEGImages/IMG_2307_jpeg_jpg.rf.cdea03288eac0ee043c709d25aae71a7.jpg 361,500,445,599,2 475,431,519,511,2 602,436,658,510,2 431,440,460,509,2 284,413,311,470,2 185,422,219,475,2 31,420,55,473,2 308,417,336,462,2 209,391,237,436,2 60,415,87,459,2 635,421,664,464,2 661,431,675,470,2 171,419,192,456,2 241,423,265,457,2 98,420,113,453,2 522,426,540,453,2 418,415,447,453,2
F:\dp\4\yolov4-tiny-pytorch-master\VOCdevkit/VOC2007/JPEGImages/IMG_2309_jpeg_jpg.rf.088f73ff0b07c30ce6212eb4e3013708.jpg 279,462,503,529,2
F:\dp\4\yolov4-tiny-pytorch-master\VOCdevkit/VOC2007/JPEGImages/IMG_2310_jpeg_jpg.rf.89adac79fea2745dae17668703c85ba2.jpg 236,244,476,659,2
F:\dp\4\yolov4-tiny-pytorch-master\VOCdevkit/VOC2007/JPEGImages/IMG_2314_jpeg_jpg.rf.5772ea6330e776b72648b7044aeeda06.jpg 51,757,303,910,2 458,447,579,567,2 333,243,421,353,2 590,192,641,256,2 474,203,521,255,2 655,201,685,250,2 728,192,768,242,2 269,365,405,409,2 679,215,712,248,2 571,211,593,241,2 529,217,569,245,2
F:\dp\4\yolov4-tiny-pytorch-master\VOCdevkit/VOC2007/JPEGImages/IMG_2315_jpeg_jpg.rf.299629b833341515cbe594fbe0b0b386.jpg 354,342,449,445,2 394,524,505,626,2 678,293,701,352,2 624,301,678,358,2 692,309,769,360,2 500,302,553,349,2 194,449,315,491,2 573,309,607,350,2 603,312,626,349,2
F:\dp\4\yolov4-tiny-pytorch-master\VOCdevkit/VOC2007/JPEGImages/IMG_2320_jpeg_jpg.rf.4ba216e1f004fd1182ca0dfb53ccce19.jpg 228,303,302,412,2 340,485,475,565,2 668,246,714,303,2 498,254,540,308,2 375,257,425,311,2 694,226,717,273,2 537,256,567,302,2 760,256,768,299,2 702,266,737,307,2 638,264,666,301,2 479,260,495,288,2 547,278,637,304,2 454,276,491,294,2 715,281,749,299,2 672,246,696,262,2
F:\dp\4\yolov4-tiny-pytorch-master\VOCdevkit/VOC2007/JPEGImages/IMG_2321_jpeg_jpg.rf.77da5a058425f06403464142d4561096.jpg 336,453,499,568,2 1,259,92,374,2 620,226,698,315,2 146,205,204,265,2 461,183,487,236,2 278,211,321,262,2 444,199,477,245,2 410,212,443,254,2 336,216,387,258,2 525,210,540,247,2 227,221,269,257,2 569,204,588,235,2 543,203,565,233,2 701,206,718,233,2 592,218,618,244,2 749,225,768,246,2
F:\dp\4\yolov4-tiny-pytorch-master\VOCdevkit/VOC2007/JPEGImages/IMG_2322_jpeg_jpg.rf.5cfbfdaf229269a0def35f967002aee3.jpg 244,628,769,953,2 332,525,769,670,2 28,5,133,122,2 459,331,606,430,2 93,279,406,359,2 644,403,769,481,2 1,151,114,215,2 464,415,596,538,2
F:\dp\4\yolov4-tiny-pytorch-master\VOCdevkit/VOC2007/JPEGImages/IMG_2324_jpeg_jpg.rf.1f5efa1adc71c46d5037bdcd281056b9.jpg 488,446,768,586,2 30,502,230,571,2
F:\dp\4\yolov4-tiny-pytorch-master\VOCdevkit/VOC2007/JPEGImages/IMG_2326_jpeg_jpg.rf.37dc74670ccbc94d720a39e2cd046ace.jpg 1,448,26,538,2 524,498,570,576,2 430,510,481,581,2 584,507,629,578,2 340,507,384,570,2 87,677,215,737,2 207,486,244,543,2 102,489,137,545,2 171,495,213,551,2 659,484,697,540,2 298,514,346,569,2 278,671,448,714,2 709,472,746,513,2 70,498,100,537,2 151,508,184,544,2 135,509,152,538,2 32,510,56,537,2 231,525,277,546,2 721,419,746,456,2
F:\dp\4\yolov4-tiny-pytorch-master\VOCdevkit/VOC2007/JPEGImages/IMG_2328_jpeg_jpg.rf.ee3309e0a5ab09d96d9ed30bc1c1115f.jpg 296,578,420,678,2
F:\dp\4\yolov4-tiny-pytorch-master\VOCdevkit/VOC2007/JPEGImages/IMG_2330_jpeg_jpg.rf.5d358782dd868884a99f4f88841d2287.jpg 152,437,379,628,2
F:\dp\4\yolov4-tiny-pytorch-master\VOCdevkit/VOC2007/JPEGImages/IMG_2331_jpeg_jpg.rf.430bebeabaa960aedfce00821dbf1823.jpg 1,193,256,535,2 246,615,486,713,2
F:\dp\4\yolov4-tiny-pytorch-master\VOCdevkit/VOC2007/JPEGImages/IMG_2332_jpeg_jpg.rf.6987566de99decbc96cf8b50269eec32.jpg 282,419,604,655,2 69,195,131,272,2 144,335,380,396,2 220,183,243,243,2 198,197,226,254,2 132,211,180,265,2 255,175,294,219,2 244,149,275,190,2 1,206,36,260,2
F:\dp\4\yolov4-tiny-pytorch-master\VOCdevkit/VOC2007/JPEGImages/IMG_2335_jpeg_jpg.rf.fee7aabbe3a95b58fa737bf4537ded6f.jpg 226,423,296,530,2 218,428,245,524,2 563,504,605,568,2 670,521,746,581,2 1,503,39,563,2 533,516,579,566,2 419,476,457,526,2 379,486,424,534,2 336,477,374,519,2 425,649,567,684,2 53,503,71,532,2 39,497,54,530,2
F:\dp\4\yolov4-tiny-pytorch-master\VOCdevkit/VOC2007/JPEGImages/IMG_2336_jpeg_jpg.rf.46f0754f98f042408a12adc0bfd57650.jpg 124,272,200,384,2 117,284,149,377,2 578,353,626,434,2 673,360,720,431,2 726,372,768,429,2 458,370,484,426,2 225,522,385,573,2 471,363,511,414,2 439,372,464,422,2 301,339,350,387,2 243,335,278,380,2 333,350,365,390,2 282,354,315,391,2
F:\dp\4\yolov4-tiny-pytorch-master\VOCdevkit/VOC2007/JPEGImages/IMG_2338_jpeg_jpg.rf.e7ed2b02a8b79ecfbf78d943ab27d48c.jpg 2,624,530,873,2 194,103,574,213,2
F:\dp\4\yolov4-tiny-pytorch-master\VOCdevkit/VOC2007/JPEGImages/IMG_2341_jpeg_jpg.rf.6cd8aa27674201fa6e367b4798388b61.jpg 160,372,713,626,2 242,324,279,394,2 356,316,394,378,2 411,301,439,347,2 296,344,334,388,2 141,341,194,381,2 42,326,72,359,2
F:\dp\4\yolov4-tiny-pytorch-master\VOCdevkit/VOC2007/JPEGImages/IMG_2343_jpeg_jpg.rf.d9093ca915071e649e4771462b164802.jpg 353,381,435,487,2 245,650,517,752,2 226,361,294,463,2 217,368,248,458,2 675,460,729,516,2 562,441,604,497,2 536,453,574,504,2 332,413,361,453,2
F:\dp\4\yolov4-tiny-pytorch-master\VOCdevkit/VOC2007/JPEGImages/IMG_2344_jpeg_jpg.rf.d0315ce107744b21a51c03a5a3e046af.jpg 360,367,444,486,2 162,660,489,765,2 206,355,249,458,2 227,366,291,456,2 420,411,471,485,2 674,453,732,522,2 569,436,601,505,2 543,445,581,509,2 536,441,555,502,2 338,408,368,468,2
F:\dp\4\yolov4-tiny-pytorch-master\VOCdevkit/VOC2007/JPEGImages/IMG_2346_jpeg_jpg.rf.beefcd27f4f07657c99d128ead21bf91.jpg 522,592,580,675,2 208,542,241,599,2 97,547,131,602,2 134,551,157,600,2 23,554,82,603,2 162,551,181,599,2 285,514,330,560,2 457,473,489,517,2 53,541,91,582,2 249,521,272,559,2 24,526,53,563,2 545,477,576,508,2 172,570,210,599,2 391,549,421,574,2 1,558,21,577,2 498,726,713,802,2
F:\dp\4\yolov4-tiny-pytorch-master\VOCdevkit/VOC2007/JPEGImages/IMG_2349_jpeg_jpg.rf.743d7a69284c7ee65b40548c2803bd34.jpg 163,342,642,617,2
F:\dp\4\yolov4-tiny-pytorch-master\VOCdevkit/VOC2007/JPEGImages/IMG_2350_jpeg_jpg.rf.c77c8bea4bbacefbccb48673c5f40171.jpg 388,312,609,468,2
F:\dp\4\yolov4-tiny-pytorch-master\VOCdevkit/VOC2007/JPEGImages/IMG_2351_jpeg_jpg.rf.edf3aaeca6e2355052e41c0cc57f9cb6.jpg 1,293,359,496,2 343,456,613,517,2
F:\dp\4\yolov4-tiny-pytorch-master\VOCdevkit/VOC2007/JPEGImages/IMG_2358_jpeg_jpg.rf.efdef53aafee680685b00990131e1442.jpg 82,384,612,689,0
F:\dp\4\yolov4-tiny-pytorch-master\VOCdevkit/VOC2007/JPEGImages/IMG_2361_jpeg_jpg.rf.02195fab4639c0b58bef41a6944fda9d.jpg 200,425,541,777,0
F:\dp\4\yolov4-tiny-pytorch-master\VOCdevkit/VOC2007/JPEGImages/IMG_2362_jpeg_jpg.rf.a1ac6ab5801ffa496d0fbd6038ebf034.jpg 343,526,528,819,4 96,547,460,702,4 509,274,717,847,0
F:\dp\4\yolov4-tiny-pytorch-master\VOCdevkit/VOC2007/JPEGImages/IMG_2363_jpeg_jpg.rf.c646c1cefead3cafbda9956f065dbe6a.jpg 412,638,703,951,5 121,399,598,553,0
F:\dp\4\yolov4-tiny-pytorch-master\VOCdevkit/VOC2007/JPEGImages/IMG_2365_jpeg_jpg.rf.9091a7e8b24fcf1d8493c5a4dd1310d1.jpg 344,389,615,646,0 245,1,758,327,4
F:\dp\4\yolov4-tiny-pytorch-master\VOCdevkit/VOC2007/JPEGImages/IMG_2369_jpeg_jpg.rf.9cae2a081c00b8db2b2998919e65d420.jpg 82,348,558,698,0 415,658,723,1024,0
F:\dp\4\yolov4-tiny-pytorch-master\VOCdevkit/VOC2007/JPEGImages/IMG_2370_jpeg_jpg.rf.d5bdf9d889fa01a687af0038c3ede236.jpg 58,435,583,619,0 696,453,768,537,0
F:\dp\4\yolov4-tiny-pytorch-master\VOCdevkit/VOC2007/JPEGImages/IMG_2373_jpeg_jpg.rf.6b8f32a68ab7d25ff0cd7f977bd187fc.jpg 230,456,466,647,5
F:\dp\4\yolov4-tiny-pytorch-master\VOCdevkit/VOC2007/JPEGImages/IMG_2375_jpeg_jpg.rf.ed73b2179f3b96fe3088456fc43a2cf5.jpg 57,363,762,721,0
F:\dp\4\yolov4-tiny-pytorch-master\VOCdevkit/VOC2007/JPEGImages/IMG_2377_jpeg_jpg.rf.058bc10292405404b78e4d6ec8315b44.jpg 75,454,428,904,0 267,350,687,570,0
F:\dp\4\yolov4-tiny-pytorch-master\VOCdevkit/VOC2007/JPEGImages/IMG_2378_jpeg_jpg.rf.9a7993c75521d4b5383257936c7ab263.jpg 249,448,411,611,5
F:\dp\4\yolov4-tiny-pytorch-master\VOCdevkit/VOC2007/JPEGImages/IMG_2383_jpeg_jpg.rf.fd376436d382e985e3c0e6936860212f.jpg 36,505,395,845,5 541,372,743,642,5
F:\dp\4\yolov4-tiny-pytorch-master\VOCdevkit/VOC2007/JPEGImages/IMG_2384_jpeg_jpg.rf.a094269cf1f5522f894b6a2cfc636a8d.jpg 436,503,670,722,5
F:\dp\4\yolov4-tiny-pytorch-master\VOCdevkit/VOC2007/JPEGImages/IMG_2385_jpeg_jpg.rf.401926de349287bb4d9152d065e9a822.jpg 61,415,722,796,0 384,804,560,1025,0
F:\dp\4\yolov4-tiny-pytorch-master\VOCdevkit/VOC2007/JPEGImages/IMG_2386_jpeg_jpg.rf.24ef35f21ff0b936ede4bb3a50c0886e.jpg 237,497,385,832,5 265,237,361,466,5 606,73,768,278,0
F:\dp\4\yolov4-tiny-pytorch-master\VOCdevkit/VOC2007/JPEGImages/IMG_2389_jpeg_jpg.rf.3659b6446ca8e6cc9caea6f862cb7c64.jpg 199,428,505,678,5
F:\dp\4\yolov4-tiny-pytorch-master\VOCdevkit/VOC2007/JPEGImages/IMG_2393_jpeg_jpg.rf.51a3d165da3aac4466f89c834fa6532e.jpg 644,144,769,402,0 214,449,524,662,0
F:\dp\4\yolov4-tiny-pytorch-master\VOCdevkit/VOC2007/JPEGImages/IMG_2394_jpeg_jpg.rf.3994f29b2f24a3104ed3404617128485.jpg 513,399,671,638,0 141,437,276,670,0 286,277,387,384,0 664,147,768,231,0 1,224,22,304,0 161,245,229,292,0 426,320,470,359,0 36,206,88,232,0 554,121,569,144,0
F:\dp\4\yolov4-tiny-pytorch-master\VOCdevkit/VOC2007/JPEGImages/IMG_2399_jpeg_jpg.rf.13370408785f27bea59424ce8d46dbca.jpg 202,646,549,904,0 208,273,466,485,0 80,205,142,315,0
F:\dp\4\yolov4-tiny-pytorch-master\VOCdevkit/VOC2007/JPEGImages/IMG_2400_jpeg_jpg.rf.70540f43bd58c832e6dad61e456ee889.jpg 378,507,628,695,0 113,282,262,436,0 226,717,369,869,0 28,438,165,517,0 216,407,328,472,0 110,249,138,303,0 406,320,430,358,0 157,234,215,263,0 558,287,593,314,0
F:\dp\4\yolov4-tiny-pytorch-master\VOCdevkit/VOC2007/JPEGImages/IMG_2403_jpeg_jpg.rf.fc3a8f234fe9214577fc7f5d2df940b6.jpg 106,345,768,788,0 586,440,769,636,0 261,205,451,368,0 586,222,705,338,0 563,289,600,326,0
F:\dp\4\yolov4-tiny-pytorch-master\VOCdevkit/VOC2007/JPEGImages/IMG_2405_jpeg_jpg.rf.a2556645dee0dd9c64327b09b4a4f6f8.jpg 356,553,617,783,0 128,677,371,864,0 114,170,236,289,0 235,175,314,243,0 89,116,153,148,0 90,97,160,126,0
F:\dp\4\yolov4-tiny-pytorch-master\VOCdevkit/VOC2007/JPEGImages/IMG_2406_jpeg_jpg.rf.1188b08782ffbc29af95b22721ca6015.jpg 279,460,577,678,0
F:\dp\4\yolov4-tiny-pytorch-master\VOCdevkit/VOC2007/JPEGImages/IMG_2409_jpeg_jpg.rf.2de52b31d07502007ce8e96350212d7c.jpg 265,413,683,721,0
F:\dp\4\yolov4-tiny-pytorch-master\VOCdevkit/VOC2007/JPEGImages/IMG_2410_jpeg_jpg.rf.28e599148c43192990cc399a4940f016.jpg 379,500,556,664,0 613,148,697,199,0
F:\dp\4\yolov4-tiny-pytorch-master\VOCdevkit/VOC2007/JPEGImages/IMG_2412_jpeg_jpg.rf.31034ae005fc4ba75a20f94f91e4bbc5.jpg 122,402,768,732,0 39,246,674,473,0
F:\dp\4\yolov4-tiny-pytorch-master\VOCdevkit/VOC2007/JPEGImages/IMG_2413_jpeg_jpg.rf.695815e23abdea80c043bb1cfd5a8a73.jpg 1,239,701,539,0 149,773,480,981,0 438,600,768,793,0
F:\dp\4\yolov4-tiny-pytorch-master\VOCdevkit/VOC2007/JPEGImages/IMG_2414_jpeg_jpg.rf.980c706f21682aa6d010cc7a43f9f12c.jpg 183,362,554,700,0 224,1,384,215,0 606,640,735,830,0 581,507,684,654,0 676,492,747,619,0 648,391,769,506,0 692,776,769,855,0 579,907,633,972,0 636,862,711,925,0 190,843,249,896,0 544,780,601,833,0 503,772,541,824,0 317,913,428,964,0 274,843,345,889,0 461,860,521,905,0 78,906,166,950,0 1,926,56,970,0 388,818,461,861,0 572,742,610,783,0 368,870,423,910,0 126,866,191,904,0 435,806,493,837,0 519,829,554,916,0
F:\dp\4\yolov4-tiny-pytorch-master\VOCdevkit/VOC2007/JPEGImages/IMG_2415_jpeg_jpg.rf.ebf0f6afed62125f3a07b177ff1eb41b.jpg 248,536,394,836,0 587,457,722,733,0 137,438,217,692,0 354,202,458,415,0 360,337,417,490,0 277,472,359,563,0 473,683,596,770,0 356,773,534,856,0 114,799,156,879,0 160,806,213,882,0 247,872,360,946,0 162,739,217,810,0 152,954,222,1024,0 1,882,94,951,0 55,943,96,1005,0 84,885,154,940,0
F:\dp\4\yolov4-tiny-pytorch-master\VOCdevkit/VOC2007/JPEGImages/IMG_2417_jpeg_jpg.rf.3126d833b440a93a98942375d5de1a91.jpg 136,413,769,726,0 228,215,769,512,0 1,757,124,911,0 134,469,402,581,0
F:\dp\4\yolov4-tiny-pytorch-master\VOCdevkit/VOC2007/JPEGImages/IMG_2418_jpeg_jpg.rf.ef54d0d053b69b90a077ff1e7caa8937.jpg 139,607,670,844,4 468,45,622,241,0 648,419,769,601,0 476,300,586,482,0 58,183,224,334,0 444,197,575,335,0 1,495,163,613,4 651,389,742,488,0 195,318,303,408,0 374,320,454,391,0 470,403,600,472,0 312,346,350,413,0 217,610,324,673,0 319,420,413,476,4 401,374,515,428,0 270,464,369,516,0 86,437,147,483,0 226,431,299,473,0 1,442,47,479,0 55,444,103,481,0 161,478,186,511,0 222,396,293,442,0
F:\dp\4\yolov4-tiny-pytorch-master\VOCdevkit/VOC2007/JPEGImages/IMG_2419_jpeg_jpg.rf.b45ff8e98d7a369bd43eda658dccce9e.jpg 156,110,580,511,0 279,7,585,270,0 175,521,443,709,4 448,842,769,1024,4 491,425,702,589,0 1,299,137,430,0 668,314,768,441,0 582,359,659,473,0 642,393,769,496,0 358,390,530,480,0 654,498,768,585,0 404,454,497,519,0 322,734,454,797,0 233,718,296,775,4 460,588,586,641,0 57,571,150,619,0 238,559,299,598,0 1,560,60,601,0 199,571,249,603,0 151,573,197,602,0 554,1,768,318,4
F:\dp\4\yolov4-tiny-pytorch-master\VOCdevkit/VOC2007/JPEGImages/IMG_2421_jpeg_jpg.rf.18cf9dc78b3af40e540c4e76393642ef.jpg 82,395,397,557,4 299,685,643,823,0 640,412,768,491,0 670,791,768,864,4 412,553,582,625,0 552,784,672,856,0 600,579,704,646,0 606,505,692,571,0 468,584,605,648,0 74,970,264,1025,0 336,612,392,659,0 141,558,255,604,0 3,879,99,922,0 410,643,446,684,0 1,643,65,678,0 220,595,289,629,0 34,661,110,695,0 1,980,80,1025,6
F:\dp\4\yolov4-tiny-pytorch-master\VOCdevkit/VOC2007/JPEGImages/IMG_2422_jpeg_jpg.rf.47bfe242cb40465122daa7d1189c8909.jpg 116,102,768,694,0 89,293,598,692,0 407,667,530,846,0 558,312,769,460,0 7,616,64,733,0 342,788,441,887,4 58,744,100,842,0 306,630,345,726,0 726,280,768,372,0 288,681,361,762,0 106,762,176,824,0 113,716,179,777,0 450,633,547,682,0 1,756,20,802,0 452,85,769,310,0
F:\dp\4\yolov4-tiny-pytorch-master\VOCdevkit/VOC2007/JPEGImages/IMG_2426_jpeg_jpg.rf.50808902673305d18d0d44531b5a8bfb.jpg 109,330,421,547,0 438,324,618,534,0 339,598,553,725,4 134,287,284,414,0 15,783,90,903,0 122,539,184,634,0 94,413,144,507,0 1,619,60,698,0 34,607,117,678,0 1,738,144,806,0 91,667,157,730,0 303,9,637,300,4
F:\dp\4\yolov4-tiny-pytorch-master\VOCdevkit/VOC2007/JPEGImages/IMG_2427_jpeg_jpg.rf.4376ff1caed40be5f9e36ae22136c2a5.jpg 114,27,472,383,0 365,470,539,710,0 552,669,735,866,0 490,306,591,501,0 55,640,90,715,0 282,615,325,681,0 185,601,239,665,0 1,726,50,781,0 336,654,389,707,0 201,671,269,723,0 96,668,161,706,0 228,608,271,645,0 34,679,111,716,0 1,736,66,773,0
F:\dp\4\yolov4-tiny-pytorch-master\VOCdevkit/VOC2007/JPEGImages/IMG_2429_jpeg_jpg.rf.a587ba43a6cf6d5e0f42cd295650dcb0.jpg 130,417,768,854,4 323,878,531,1021,0 1,820,86,900,0 143,379,186,449,0
F:\dp\4\yolov4-tiny-pytorch-master\VOCdevkit/VOC2007/JPEGImages/IMG_2430_jpeg_jpg.rf.ea942e540d2202770b60388e01246c92.jpg 94,343,769,1011,4 534,876,662,999,0
F:\dp\4\yolov4-tiny-pytorch-master\VOCdevkit/VOC2007/JPEGImages/IMG_2433_jpeg_jpg.rf.22485b09320c5d7924c4c86641f4826c.jpg 294,364,768,844,4 507,289,626,384,0 152,855,336,932,0 592,902,753,971,0 385,647,490,710,4 116,450,275,511,0 684,359,767,418,0 300,572,342,616,0 358,726,464,770,4 31,684,118,723,0 92,494,126,529,0 259,566,335,601,0 123,586,213,619,0 93,561,180,594,0 188,534,264,566,0 343,562,401,592,0 175,534,228,563,0 272,521,324,550,0 42,547,81,574,0 364,545,446,571,0 75,546,119,571,0 178,507,211,531,0 294,507,340,529,0
F:\dp\4\yolov4-tiny-pytorch-master\VOCdevkit/VOC2007/JPEGImages/IMG_2435_jpeg_jpg.rf.90d0f2a9a2603d0d00e44c54ea34d8a1.jpg 1,390,768,1024,4 486,371,584,581,0 1,660,154,846,0 65,818,129,904,0 288,816,417,894,0 1,831,31,890,0
F:\dp\4\yolov4-tiny-pytorch-master\VOCdevkit/VOC2007/JPEGImages/IMG_2439_jpeg_jpg.rf.b716ecc9923088908de67457af446693.jpg 182,4,254,209,0 402,469,590,608,4 283,143,405,281,0 92,267,149,343,0 171,583,261,655,4 132,368,235,435,0 7,672,100,738,4 10,371,53,437,0 188,336,311,392,0 1,306,73,360,0 47,422,89,472,0 42,356,100,398,0 149,270,199,304,0 124,300,177,333,0 69,1,160,166,0
F:\dp\4\yolov4-tiny-pytorch-master\VOCdevkit/VOC2007/JPEGImages/IMG_2440_jpeg_jpg.rf.fbf8154be50fdc05cf5c49e452c8889a.jpg 196,1,303,183,0 119,1,189,166,0 355,111,481,267,0 402,472,515,623,4 138,260,191,343,0 212,596,298,673,4 204,364,285,435,0 33,371,90,440,0 1,435,46,495,0 35,303,122,360,0 242,341,372,396,0 67,428,123,483,0 2,373,61,422,0 88,358,157,399,0 161,300,236,336,0 193,269,255,304,0
F:\dp\4\yolov4-tiny-pytorch-master\VOCdevkit/VOC2007/JPEGImages/IMG_2441_jpeg_jpg.rf.7cb24c87feb8f1f9c4cba9cb4f1ce0db.jpg 572,2,747,234,0 117,1,329,157,0 331,1,408,132,0 427,480,544,598,4 307,235,376,338,0 71,496,157,582,4 348,631,446,716,4 57,432,122,510,0 199,364,244,440,0 144,421,208,489,0 464,342,586,409,0 1,563,39,630,0 211,296,310,363,0 227,428,272,495,0 122,368,219,421,0 1,609,34,661,0 1,402,106,454,0 385,261,458,311,0 1,440,87,490,0 360,296,421,345,0 222,373,271,417,0 387,340,479,420,0
F:\dp\4\yolov4-tiny-pytorch-master\VOCdevkit/VOC2007/JPEGImages/IMG_2443_jpeg_jpg.rf.fbca75ce6c1f6f9a3ebaa0dc2dc58d3a.jpg 211,528,426,650,4 46,130,370,235,4 474,395,612,474,0 426,387,581,463,0 479,536,547,619,0
F:\dp\4\yolov4-tiny-pytorch-master\VOCdevkit/VOC2007/JPEGImages/IMG_2445_jpeg_jpg.rf.4322ba9de4afd56e2d585cbe4b2d542f.jpg 108,847,211,966,0 344,411,481,508,4 45,271,187,359,0 273,494,446,579,4 11,342,198,426,0 455,510,610,587,4 271,287,399,353,0 98,379,224,437,0 21,328,135,380,0 315,293,427,371,0
F:\dp\4\yolov4-tiny-pytorch-master\VOCdevkit/VOC2007/JPEGImages/IMG_2449_jpeg_jpg.rf.66b68f9b04aae5ef7a5c1c52f27da23f.jpg 219,43,420,182,0 135,91,263,226,0 93,172,216,297,0 528,304,769,410,0 53,1,168,95,0 308,491,450,581,4 28,182,135,263,0 215,253,323,330,0 456,478,645,551,4 93,196,211,259,0 369,347,542,407,0 1,212,32,272,0 564,219,702,275,0 351,250,484,303,0 400,272,528,323,0 606,290,769,334,0 210,286,367,329,0 614,245,728,283,0 605,524,767,596,4
F:\dp\4\yolov4-tiny-pytorch-master\VOCdevkit/VOC2007/JPEGImages/IMG_2451_jpeg_jpg.rf.6cc1dc705b21921c89c4e925ff86c5d6.jpg 633,38,746,233,0 197,527,531,683,4 99,904,389,1024,4 74,316,209,421,0 212,394,338,472,0 689,329,768,407,0 1,356,133,425,0 514,442,665,508,0 680,442,768,504,0 1,459,89,519,0 76,408,214,465,0 412,442,519,490,0 403,401,513,449,0 493,382,596,421,0
F:\dp\4\yolov4-tiny-pytorch-master\VOCdevkit/VOC2007/JPEGImages/IMG_2452_jpeg_jpg.rf.2966d2cb12c00bcd17c3e56890ae90d0.jpg 514,82,617,251,0 430,263,620,375,0 288,505,529,614,4 629,428,681,511,0 22,328,184,405,0 648,366,769,442,0 370,619,539,685,4 1,448,98,501,0 696,442,768,494,0 230,376,347,421,0 406,377,514,421,0 505,433,618,476,0 601,456,701,499,0 386,437,493,479,0 101,405,223,446,0 103,384,195,424,0 195,404,284,443,0 1,371,25,409,0 177,175,421,296,0
F:\dp\4\yolov4-tiny-pytorch-master\VOCdevkit/VOC2007/JPEGImages/IMG_2456_jpeg_jpg.rf.7ea8891568b40b0618d829c3810ec332.jpg 168,487,562,659,4 545,663,635,737,0 420,623,584,696,0 354,295,481,359,0 269,380,383,440,0 519,568,623,628,0 95,372,233,431,0 548,632,626,691,0 528,298,651,355,0 525,388,677,445,4 360,399,459,455,0 361,178,482,228,0 427,417,504,466,0 244,324,350,372,0 538,148,627,196,0 12,795,95,875,0
F:\dp\4\yolov4-tiny-pytorch-master\VOCdevkit/VOC2007/JPEGImages/IMG_2458_jpeg_jpg.rf.e4f518a021aa886cc248b50bfaff6f4e.jpg 509,409,720,491,4 676,532,769,608,4 319,765,430,837,0 239,525,361,590,4 170,55,301,104,0 128,429,267,477,0 171,187,294,232,0 168,153,287,198,0 416,469,615,507,4 155,106,248,139,0
F:\dp\4\yolov4-tiny-pytorch-master\VOCdevkit/VOC2007/JPEGImages/IMG_2459_jpeg_jpg.rf.c6a60bf7e4518c5c2733727264ef32c8.jpg 81,813,195,911,0 185,389,311,463,4 248,36,328,105,0 3,143,72,210,0 236,554,386,614,4 497,443,674,503,4 293,41,398,100,0 268,456,387,514,0 1,567,121,622,0 304,199,392,243,0 1,395,68,439,0 250,176,329,212,0 302,4,405,39,0 740,275,769,348,0
F:\dp\4\yolov4-tiny-pytorch-master\VOCdevkit/VOC2007/JPEGImages/IMG_2460_jpeg_jpg.rf.62b0d4966ce2243f71278e6f306c969a.jpg 1,206,171,321,0 195,265,463,374,0 194,66,229,165,0 540,561,677,641,4 445,455,626,534,4 140,120,169,195,0 93,422,238,481,4 245,522,373,575,0 153,595,304,647,4 531,676,734,762,4
F:\dp\4\yolov4-tiny-pytorch-master\VOCdevkit/VOC2007/JPEGImages/IMG_2463_jpeg_jpg.rf.da774058e67ba22ec38a84ac948b4014.jpg 98,835,272,979,1 586,767,709,881,1 633,339,753,444,1 260,846,386,947,1 59,298,165,397,1 503,894,637,988,1 4,187,123,281,1 464,427,606,505,1 246,797,376,869,1
F:\dp\4\yolov4-tiny-pytorch-master\VOCdevkit/VOC2007/JPEGImages/IMG_2471_jpeg_jpg.rf.80259312a2c1b317d5b48f1937e53a07.jpg 194,116,429,342,1 1,847,127,1002,1 1,295,97,445,1 439,763,571,912,1 510,564,624,703,1 513,256,693,390,1 156,793,347,923,1 1,564,112,695,1 410,238,514,361,1 541,340,702,436,1
F:\dp\4\yolov4-tiny-pytorch-master\VOCdevkit/VOC2007/JPEGImages/IMG_2472_jpeg_jpg.rf.57b8e38dd12bf9a9b8cb87e5f49b072d.jpg 348,75,420,260,1 544,676,728,853,1 123,166,278,311,1 406,434,514,550,1 439,685,552,770,1 92,657,287,761,1
F:\dp\4\yolov4-tiny-pytorch-master\VOCdevkit/VOC2007/JPEGImages/IMG_2475_jpeg_jpg.rf.46e62539bfeb76e003100176a5818f0b.jpg 394,405,516,528,1 1,280,80,398,1 650,467,769,583,1 212,605,359,720,1 682,348,768,462,1 363,549,513,661,1 480,708,642,813,1 76,744,183,836,1 601,874,730,962,1 291,726,385,811,1 393,774,511,851,1 617,329,718,402,1 16,206,140,278,1 246,972,338,1025,1 204,1,304,33,1
F:\dp\4\yolov4-tiny-pytorch-master\VOCdevkit/VOC2007/JPEGImages/IMG_2476_jpeg_jpg.rf.8ccde2bbb1a8cc7205cbf4c0343ac96b.jpg 336,135,534,329,1 221,155,353,321,1 15,849,261,1010,1 5,583,149,726,1 170,565,355,694,1 17,1,250,120,1 214,769,372,888,1 506,636,685,754,1 726,715,768,822,1 676,888,768,972,1 718,645,768,712,1
F:\dp\4\yolov4-tiny-pytorch-master\VOCdevkit/VOC2007/JPEGImages/IMG_2478_jpeg_jpg.rf.ae27bba94db775902a3683bc5c469029.jpg 507,592,674,735,1 602,811,733,949,1 102,494,329,588,1 74,381,218,474,1 445,936,576,1024,1 73,297,210,384,1 233,918,379,1025,1
F:\dp\4\yolov4-tiny-pytorch-master\VOCdevkit/VOC2007/JPEGImages/IMG_2480_jpeg_jpg.rf.65112653d4f14fcd3431eed42833146e.jpg 492,186,582,291,1 428,706,489,807,1 530,677,635,777,1 322,823,427,916,1 183,610,281,679,1 540,514,626,583,1 233,810,319,876,1 398,468,496,533,1 430,435,530,500,1 470,515,553,579,1 599,493,687,556,1 522,827,618,889,1 690,859,768,918,1 275,425,389,483,1 704,526,769,581,1
F:\dp\4\yolov4-tiny-pytorch-master\VOCdevkit/VOC2007/JPEGImages/IMG_2481_jpeg_jpg.rf.00a2836323b67c925752c28bccc26ea4.jpg 27,102,147,227,1 55,664,163,783,1 565,439,672,544,1 7,384,117,478,1 267,676,392,765,1 173,836,240,925,1 38,466,144,549,1 277,504,368,586,1 651,252,765,333,1 304,852,407,925,1 421,918,504,987,1 57,905,168,973,1 346,512,453,575,1 194,543,295,595,1 439,531,528,577,1
F:\dp\4\yolov4-tiny-pytorch-master\VOCdevkit/VOC2007/JPEGImages/IMG_2482_jpeg_jpg.rf.e49b8fe3d265732ff3c0eb8172bd66ee.jpg 189,643,415,868,1 12,740,203,917,1 385,320,575,468,1 1,765,71,940,1
F:\dp\4\yolov4-tiny-pytorch-master\VOCdevkit/VOC2007/JPEGImages/IMG_2483_jpeg_jpg.rf.4cce5bab03a29d47dde28e0ffa71a3a0.jpg 521,378,690,506,1 144,660,214,759,1 231,550,370,646,1 96,391,288,485,1 142,859,267,951,1 339,431,458,520,1 435,363,523,445,1 283,814,375,883,1 19,899,112,961,1 39,962,141,1022,1
F:\dp\4\yolov4-tiny-pytorch-master\VOCdevkit/VOC2007/JPEGImages/IMG_2485_jpeg_jpg.rf.dabd7a2e30e0c47b2bc750eb2395da11.jpg 292,607,507,741,1 76,576,260,707,1 561,531,659,605,1 222,419,388,491,1 1,699,172,766,1 415,537,481,582,1 478,534,565,566,1
F:\dp\4\yolov4-tiny-pytorch-master\VOCdevkit/VOC2007/JPEGImages/IMG_2486_jpeg_jpg.rf.b2d1224d293b2659b71f5fb83aae5e20.jpg 192,263,313,420,1 162,703,328,859,1 234,516,376,641,1 480,507,678,619,1 96,404,241,507,1 314,771,460,862,1 601,599,719,666,1 107,720,178,778,1 511,852,642,910,1 382,888,474,944,1 615,804,708,858,1 504,927,625,975,1 404,749,557,793,1 668,553,769,674,1
F:\dp\4\yolov4-tiny-pytorch-master\VOCdevkit/VOC2007/JPEGImages/IMG_2487_jpeg_jpg.rf.e2c008ecf06dc7f3159ab28903bc5275.jpg 115,588,316,733,1 363,674,559,798,1 1,562,160,682,1 212,380,359,474,1 601,669,690,743,1 498,571,579,604,1 361,528,438,594,1
F:\dp\4\yolov4-tiny-pytorch-master\VOCdevkit/VOC2007/JPEGImages/IMG_2488_jpeg_jpg.rf.e3511d1d2df484d56e7eb9a667299acd.jpg 386,505,612,651,1 1,786,169,916,1 1,178,25,304,1 564,520,763,628,1 23,539,243,645,1 1,709,116,816,1 402,770,535,862,1 1,514,42,603,1 267,801,382,862,1 201,653,307,706,1 334,786,422,836,1 261,781,328,830,1 1,943,98,1024,1
F:\dp\4\yolov4-tiny-pytorch-master\VOCdevkit/VOC2007/JPEGImages/IMG_2489_jpeg_jpg.rf.ffb357957a29cdef43f3fdfb2a13c417.jpg 1,753,177,996,1 127,739,558,923,1 11,846,213,979,1 491,487,699,610,1 666,266,768,321,1 542,934,768,1024,1
F:\dp\4\yolov4-tiny-pytorch-master\VOCdevkit/VOC2007/JPEGImages/IMG_2490_jpeg_jpg.rf.8b825f810f53bc5141c576b0d83e778d.jpg 552,619,706,732,1 341,560,548,664,1 96,727,179,809,1 234,617,379,698,1 216,810,313,884,1 173,588,351,657,1 183,721,266,782,1 495,464,612,516,1 707,525,764,567,1 630,331,698,367,1 1,657,83,690,1 698,696,763,725,1 70,668,195,717,1
F:\dp\4\yolov4-tiny-pytorch-master\VOCdevkit/VOC2007/JPEGImages/IMG_2493_jpeg_jpg.rf.5ea3fbb437ab94fbd23f187d270b9a5f.jpg 494,48,617,264,0 532,246,656,374,0 574,141,714,269,0 598,45,769,161,0 612,395,768,506,4 293,602,489,704,4 545,832,712,932,0 410,276,455,366,0 708,137,769,225,0 384,508,521,593,4 375,319,436,402,0 479,287,612,370,0 265,683,361,760,4 286,747,339,824,0 277,476,401,541,4 541,409,590,469,0 576,396,649,450,0 574,416,635,461,0 460,365,511,409,0 397,392,471,435,0 481,411,551,453,0 518,393,557,425,0
F:\dp\4\yolov4-tiny-pytorch-master\VOCdevkit/VOC2007/JPEGImages/IMG_2494_jpeg_jpg.rf.2d7d4d727fe0cb18fb12fe87f23f4e9c.jpg 536,6,768,185,0 506,156,651,287,0 374,414,640,523,4 421,168,519,270,0 388,829,623,931,0 396,269,433,367,0 482,263,511,353,0 192,733,303,818,4 194,591,381,674,4 271,495,457,577,4 728,243,768,320,0 324,802,489,879,0 381,385,454,452,0 439,362,491,423,0 593,443,665,502,0 297,366,369,417,0 467,365,601,416,0 407,363,445,412,0 689,465,768,503,0 492,423,539,454,0 523,410,576,440,0 526,438,576,466,0 554,459,600,486,0 580,483,620,510,0 629,450,690,489,0
F:\dp\4\yolov4-tiny-pytorch-master\VOCdevkit/VOC2007/JPEGImages/IMG_2495_jpeg_jpg.rf.b0c357674c9856576d1561581f186c5b.jpg 218,472,417,613,4 650,270,768,399,0 108,898,301,1024,4 507,398,553,486,6 538,479,587,564,0 340,858,486,937,0 688,400,768,476,0 726,357,769,431,0 659,523,727,590,0 513,484,545,550,0 465,539,493,604,0 373,788,465,850,4 590,539,659,600,0 440,478,485,538,0 524,709,681,762,4 670,593,747,635,0 720,649,769,688,0 631,558,707,596,0
F:\dp\4\yolov4-tiny-pytorch-master\VOCdevkit/VOC2007/JPEGImages/IMG_2497_jpeg_jpg.rf.ab5601591a6d9d4db72d08c480454253.jpg 115,349,572,651,4 97,865,410,1010,0 716,29,769,103,0 531,422,612,471,0
F:\dp\4\yolov4-tiny-pytorch-master\VOCdevkit/VOC2007/JPEGImages/IMG_2498_jpeg_jpg.rf.fb8d5cb2ea8c29c710ef2240cf19918f.jpg 1,245,725,686,4 322,136,715,252,4 48,90,165,180,0
F:\dp\4\yolov4-tiny-pytorch-master\VOCdevkit/VOC2007/JPEGImages/IMG_2500_jpeg_jpg.rf.ce4f27a931c371f5a780f3ebb9c098e0.jpg 264,463,517,623,4 499,830,633,890,0 661,491,717,541,0 622,534,721,581,0 529,489,584,531,0 447,488,503,529,0 597,552,671,587,0
F:\dp\4\yolov4-tiny-pytorch-master\VOCdevkit/VOC2007/JPEGImages/IMG_2501_jpeg_jpg.rf.86cc23ef99a01b5a863f6dbc7f8faa10.jpg 327,404,443,556,4 51,1,378,126,0 34,168,122,255,0 106,460,177,514,4 199,700,262,752,0 89,404,109,447,0 36,535,71,576,0 252,597,318,638,4 413,258,451,296,0 377,682,418,719,4 21,439,79,474,0 8,775,95,810,6 428,575,494,606,0 144,424,213,454,0 231,408,299,438,0 443,433,509,463,0 384,524,432,553,0 480,465,547,493,0 280,445,347,472,0 190,475,255,501,0 120,414,185,440,0 202,458,238,484,0 487,435,549,460,0 332,429,384,454,0 527,537,550,561,0 533,558,544,572,0 497,565,518,576,0 517,588,527,598,0 566,568,583,577,0 510,576,521,585,0
F:\dp\4\yolov4-tiny-pytorch-master\VOCdevkit/VOC2007/JPEGImages/IMG_2502_jpeg_jpg.rf.d641755e6af1f9a46f138c1a00ecfc23.jpg 110,353,542,595,4 602,200,768,336,0 698,28,769,160,0 746,436,769,484,0 658,551,728,591,0 587,552,651,589,0 654,896,769,986,0
F:\dp\4\yolov4-tiny-pytorch-master\VOCdevkit/VOC2007/JPEGImages/IMG_2503_jpeg_jpg.rf.726342a02d92d30abc147f6e71fe3baf.jpg 216,351,564,883,0
F:\dp\4\yolov4-tiny-pytorch-master\VOCdevkit/VOC2007/JPEGImages/IMG_2506_jpeg_jpg.rf.5b0e0ae2d8038056ce3a19b260b9ed55.jpg 397,41,646,170,0 286,378,582,491,4 1,150,134,233,0 1,234,158,315,0 149,574,286,641,4 676,188,769,248,0 159,666,236,722,0 372,686,417,722,4 522,457,559,489,0 373,332,425,361,0 3,774,83,802,6 176,503,249,529,0 480,527,509,552,0 258,448,311,473,0 422,441,485,465,0 557,569,581,589,0 496,547,525,566,0 529,573,552,591,0 473,527,478,545,0 475,577,493,589,0 482,557,498,568,0 521,569,541,578,0 445,579,461,588,0
F:\dp\4\yolov4-tiny-pytorch-master\VOCdevkit/VOC2007/JPEGImages/IMG_2507_jpeg_jpg.rf.51612d3065ddd5d951909ca543e84bb7.jpg 383,435,563,684,4
F:\dp\4\yolov4-tiny-pytorch-master\VOCdevkit/VOC2007/JPEGImages/IMG_2508_jpeg_jpg.rf.6341e9035957fcc1420ec41cd9176b7a.jpg 215,505,548,718,4
F:\dp\4\yolov4-tiny-pytorch-master\VOCdevkit/VOC2007/JPEGImages/IMG_2509_jpeg_jpg.rf.0c8d6158f08975bd24497a5fb02572d2.jpg 1,438,707,1024,4
F:\dp\4\yolov4-tiny-pytorch-master\VOCdevkit/VOC2007/JPEGImages/IMG_2511_jpeg_jpg.rf.4593a8e1ea4e285da455b895a36fa2c7.jpg 77,338,553,743,4
F:\dp\4\yolov4-tiny-pytorch-master\VOCdevkit/VOC2007/JPEGImages/IMG_2513_jpeg_jpg.rf.1c33f6aee29f24622179b3c188effe59.jpg 222,70,666,207,4
F:\dp\4\yolov4-tiny-pytorch-master\VOCdevkit/VOC2007/JPEGImages/IMG_2515_jpeg_jpg.rf.c7255981abc23128903ac9ece1b4d8b5.jpg 298,519,595,680,4
F:\dp\4\yolov4-tiny-pytorch-master\VOCdevkit/VOC2007/JPEGImages/IMG_2516_jpeg_jpg.rf.6f719df754865fe6166afd0a3a78d60f.jpg 333,458,488,611,4
F:\dp\4\yolov4-tiny-pytorch-master\VOCdevkit/VOC2007/JPEGImages/IMG_2518_jpeg_jpg.rf.5f4e0d8f980eaa632ff94853995eff9e.jpg 338,261,714,435,4 107,624,404,778,4
F:\dp\4\yolov4-tiny-pytorch-master\VOCdevkit/VOC2007/JPEGImages/IMG_2520_jpeg_jpg.rf.4cab9c74da59c93865ed205f4dcf8c46.jpg 138,315,357,492,3
F:\dp\4\yolov4-tiny-pytorch-master\VOCdevkit/VOC2007/JPEGImages/IMG_2521_jpeg_jpg.rf.dde07699f153cc149b5d057924e983c5.jpg 447,348,569,527,3 354,554,650,679,3 323,304,393,409,3 227,300,361,404,3 265,398,410,474,3 693,217,750,291,3 585,219,665,262,3 423,167,509,224,3
F:\dp\4\yolov4-tiny-pytorch-master\VOCdevkit/VOC2007/JPEGImages/IMG_2527_jpeg_jpg.rf.3de0e3c95781ea109647310c017ca1fc.jpg 262,423,678,661,2 169,501,287,583,2
F:\dp\4\yolov4-tiny-pytorch-master\VOCdevkit/VOC2007/JPEGImages/IMG_2528_jpeg_jpg.rf.2bd17b3a6751de79eab0f91356230d98.jpg 346,408,687,603,2 162,510,348,574,2
F:\dp\4\yolov4-tiny-pytorch-master\VOCdevkit/VOC2007/JPEGImages/IMG_2529_jpeg_jpg.rf.16e64348ddac68d55ee82e98b0258080.jpg 68,559,613,805,2 341,135,652,318,2 49,184,221,251,2
F:\dp\4\yolov4-tiny-pytorch-master\VOCdevkit/VOC2007/JPEGImages/IMG_2530_jpeg_jpg.rf.a6c13c1f49a45439e1e4328c13660525.jpg 381,524,470,624,2 602,442,651,532,2 297,492,350,577,2 477,490,502,559,2 546,452,592,515,2 509,472,541,525,2 16,536,75,579,2 186,538,216,576,2 697,486,718,521,2 63,479,90,513,2 731,496,760,528,2 743,448,761,474,2 136,501,150,524,2
F:\dp\4\yolov4-tiny-pytorch-master\VOCdevkit/VOC2007/JPEGImages/IMG_2536_jpeg_jpg.rf.89879f0a6436d7634771fd7de97784f8.jpg 208,483,571,726,5
F:\dp\4\yolov4-tiny-pytorch-master\VOCdevkit/VOC2007/JPEGImages/IMG_2537_jpeg_jpg.rf.2b9143514d53e64f7a1dd5504ded197a.jpg 276,426,769,908,4 197,310,455,639,5
F:\dp\4\yolov4-tiny-pytorch-master\VOCdevkit/VOC2007/JPEGImages/IMG_2538_jpeg_jpg.rf.7116cb3e914a23960371143381cd5e15.jpg 267,105,470,371,5 370,707,508,892,5
F:\dp\4\yolov4-tiny-pytorch-master\VOCdevkit/VOC2007/JPEGImages/IMG_2539_jpeg_jpg.rf.74889d874e69af524f714f420772ecc7.jpg 245,129,474,402,5 367,744,517,948,5
F:\dp\4\yolov4-tiny-pytorch-master\VOCdevkit/VOC2007/JPEGImages/IMG_2540_jpeg_jpg.rf.648b31d1066b616be81fb9447de85358.jpg 299,324,561,710,5
F:\dp\4\yolov4-tiny-pytorch-master\VOCdevkit/VOC2007/JPEGImages/IMG_2541_jpeg_jpg.rf.fc997b87790e715d47ce1cc83edf79c2.jpg 303,411,535,731,5
F:\dp\4\yolov4-tiny-pytorch-master\VOCdevkit/VOC2007/JPEGImages/IMG_2543_jpeg_jpg.rf.a5b21db3b8925f4f5d1f71a7ab39453d.jpg 507,713,617,849,5 245,556,350,662,5 531,596,617,699,5 163,657,302,749,5 286,422,345,476,5 237,375,302,438,5
F:\dp\4\yolov4-tiny-pytorch-master\VOCdevkit/VOC2007/JPEGImages/IMG_2545_jpeg_jpg.rf.be6ed99fa1fb8d17c5d54d7f09cc5d89.jpg 68,686,216,871,5 330,475,494,615,5 533,697,715,897,5
F:\dp\4\yolov4-tiny-pytorch-master\VOCdevkit/VOC2007/JPEGImages/IMG_2548_jpeg_jpg.rf.b9a775702d3c300735ef690866a1c7cc.jpg 675,436,738,492,5 305,418,390,456,5
F:\dp\4\yolov4-tiny-pytorch-master\VOCdevkit/VOC2007/JPEGImages/IMG_2549_jpeg_jpg.rf.d9307c4549bb67163bb43c81fb771cd8.jpg 225,548,580,778,6
F:\dp\4\yolov4-tiny-pytorch-master\VOCdevkit/VOC2007/JPEGImages/IMG_2550_jpeg_jpg.rf.d8b525b14483fc250303ce4be356b57c.jpg 321,623,628,790,6
F:\dp\4\yolov4-tiny-pytorch-master\VOCdevkit/VOC2007/JPEGImages/IMG_2551_jpeg_jpg.rf.23441fda11b9de7fa39fb0a2ea3e7f4a.jpg 399,458,629,717,6
F:\dp\4\yolov4-tiny-pytorch-master\VOCdevkit/VOC2007/JPEGImages/IMG_2552_jpeg_jpg.rf.2bfc6840f21295db87e9e56956f16e76.jpg 446,283,643,652,6
F:\dp\4\yolov4-tiny-pytorch-master\VOCdevkit/VOC2007/JPEGImages/IMG_2553_jpeg_jpg.rf.631441b6872f3849ab9f75da6176af0a.jpg 334,256,598,726,6
F:\dp\4\yolov4-tiny-pytorch-master\VOCdevkit/VOC2007/JPEGImages/IMG_2556_jpeg_jpg.rf.95be135e1024945e03cb4e03910ce8fd.jpg 115,557,426,791,6
F:\dp\4\yolov4-tiny-pytorch-master\VOCdevkit/VOC2007/JPEGImages/IMG_2558_jpeg_jpg.rf.f98546f54e44d64d7284e1116d7ca99d.jpg 285,527,629,681,4 509,440,666,523,4 173,666,245,744,0 213,718,368,783,0 1,402,78,465,4 591,274,711,325,0 483,247,607,297,0 96,239,225,288,0 60,280,179,325,0
F:\dp\4\yolov4-tiny-pytorch-master\VOCdevkit/VOC2007/JPEGImages/IMG_2559_jpeg_jpg.rf.d6b96bbf178cf8d38b1aff35560ed916.jpg 511,599,741,741,4 297,349,467,481,4 317,507,440,623,4 478,124,611,197,0 128,89,247,154,0 246,628,426,681,4 104,154,226,198,0 1,105,81,148,0 1,182,55,223,0 1,103,105,132,0 1,46,86,94,0
F:\dp\4\yolov4-tiny-pytorch-master\VOCdevkit/VOC2007/JPEGImages/IMG_2560_jpeg_jpg.rf.121b55027c132565ca11f89e21ea6722.jpg 317,549,606,763,4 245,304,678,503,4 1,845,187,986,4 43,562,136,634,0 557,129,689,193,0 388,207,509,264,0 1,195,92,252,0 73,264,201,317,0 308,160,410,210,0 564,195,690,244,0 396,82,490,129,0 146,688,238,734,6 450,145,551,189,0 394,1,486,42,0 428,134,503,173,0 644,677,769,767,4
F:\dp\4\yolov4-tiny-pytorch-master\VOCdevkit/VOC2007/JPEGImages/IMG_2561_jpeg_jpg.rf.f50a9915e352436894ae2749e4df115a.jpg 187,523,688,764,4 196,275,714,483,4 492,811,645,912,0 507,588,587,659,0 75,184,221,247,0 278,461,364,522,4 1,201,77,258,0 358,255,490,312,0 185,195,264,248,0 694,274,768,326,0 310,200,431,252,0 418,201,503,250,0 219,239,360,288,0 446,249,536,292,0 1,233,63,275,0 284,174,397,215,0 50,103,149,143,0 457,340,574,379,0
F:\dp\4\yolov4-tiny-pytorch-master\VOCdevkit/VOC2007/JPEGImages/IMG_2563_jpeg_jpg.rf.a5bfbdba4fbd07a7e5a65af1c3df8d14.jpg 343,740,569,886,6 523,615,670,715,0 118,115,310,213,4 403,198,595,288,4 1,65,190,150,6 513,380,603,448,0 666,3,768,68,0 652,68,769,125,0 716,367,769,422,0 648,539,743,579,6
F:\dp\4\yolov4-tiny-pytorch-master\VOCdevkit/VOC2007/JPEGImages/IMG_2565_jpeg_jpg.rf.5e9644aca24248d1bd9d06836921783f.jpg 1,432,43,537,0 152,5,315,109,4 258,288,406,375,0 40,265,167,349,4 154,328,279,402,0 443,3,524,60,0 704,1,768,57,0 336,531,473,596,6
F:\dp\4\yolov4-tiny-pytorch-master\VOCdevkit/VOC2007/JPEGImages/IMG_2566_jpeg_jpg.rf.8f6fd7144a30307e3f577604b587d0ff.jpg 190,570,492,752,6 236,54,376,115,6
F:\dp\4\yolov4-tiny-pytorch-master\VOCdevkit/VOC2007/JPEGImages/IMG_2568_jpeg_jpg.rf.97af3e8a02e5b4ed4f65d38560934812.jpg 316,477,588,566,6 377,253,586,340,4 1,546,178,600,0 419,8,503,51,0 376,76,439,118,0 381,31,486,72,0 250,1,395,24,0
F:\dp\4\yolov4-tiny-pytorch-master\VOCdevkit/VOC2007/JPEGImages/IMG_2573_jpeg_jpg.rf.b7884c20265e0dd7cefe21da58643216.jpg 178,386,357,568,1 1,255,95,415,1 192,890,287,1025,1 226,806,404,939,1 428,402,566,521,1 1,696,85,812,1 343,232,498,326,1 469,2,579,77,1 463,269,563,359,1
F:\dp\4\yolov4-tiny-pytorch-master\VOCdevkit/VOC2007/JPEGImages/IMG_2575_jpeg_jpg.rf.8736d619bdee1d73390ae7476c9d4931.jpg 101,542,436,799,1 259,224,488,472,1 21,401,226,628,1 471,694,613,917,1 556,291,754,500,1 174,895,389,1003,1 328,813,494,911,1
F:\dp\4\yolov4-tiny-pytorch-master\VOCdevkit/VOC2007/JPEGImages/IMG_2579_jpeg_jpg.rf.f97bf5ef3a5d582dee0db46605c7e112.jpg 306,77,530,194,4 8,57,129,143,4 468,427,636,509,6 448,1,673,76,0 211,583,335,644,6 516,326,627,377,0 104,1,188,48,0 211,8,273,54,0 290,421,444,466,0 58,304,173,347,0 339,27,398,67,0 272,64,339,104,0 566,91,651,129,0 719,216,759,253,0 583,158,639,193,4 649,94,719,128,0 716,92,768,125,0 424,191,451,224,0 674,124,752,156,0 412,40,450,72,0 207,351,317,380,4 617,131,679,159,0 536,137,587,165,0 20,1,88,28,0 93,413,182,439,6 404,357,464,378,6 667,223,705,243,0 752,232,769,252,0
F:\dp\4\yolov4-tiny-pytorch-master\VOCdevkit/VOC2007/JPEGImages/IMG_2580_jpeg_jpg.rf.34c625d5109a60b04f9e654910efae26.jpg 302,1,769,451,4 97,705,351,884,6 488,418,629,477,6 202,1,395,35,4
F:\dp\4\yolov4-tiny-pytorch-master\VOCdevkit/VOC2007/JPEGImages/IMG_2581_jpeg_jpg.rf.c89374a5bd6b1b62c5c0598359913dad.jpg 132,354,666,618,4 322,81,491,268,0 57,1,287,143,0 95,247,233,356,0 275,148,403,254,0 1,457,52,487,0
F:\dp\4\yolov4-tiny-pytorch-master\VOCdevkit/VOC2007/JPEGImages/IMG_2584_jpeg_jpg.rf.fdf498ef5b1b000a6c51d15dc29ad33a.jpg 1,769,72,876,6 397,483,579,585,6 242,480,393,574,6 308,123,473,185,4 462,413,570,471,6 186,218,308,269,4 659,261,723,311,4 437,25,522,70,0 460,10,540,52,0 509,11,594,50,0 602,29,668,68,0 278,10,316,48,0 541,66,592,97,0 574,1,632,27,0 494,187,570,231,4
F:\dp\4\yolov4-tiny-pytorch-master\VOCdevkit/VOC2007/JPEGImages/IMG_2585_jpeg_jpg.rf.2b9b21609955bf5ce86fe467bb56f2a6.jpg 47,604,401,753,6 490,417,718,551,6 416,58,566,182,4 334,456,532,558,6
F:\dp\4\yolov4-tiny-pytorch-master\VOCdevkit/VOC2007/JPEGImages/IMG_2587_jpeg_jpg.rf.c0f1bbe427c9f29eaf89fed6f6d03471.jpg 108,506,370,621,6 380,465,632,575,6 137,572,451,726,6
F:\dp\4\yolov4-tiny-pytorch-master\VOCdevkit/VOC2007/JPEGImages/IMG_2589_jpeg_jpg.rf.0796c64369ea29d7e50fc1f7a36fb25b.jpg 120,198,483,417,0 264,443,544,607,6 298,796,728,1024,6
F:\dp\4\yolov4-tiny-pytorch-master\VOCdevkit/VOC2007/JPEGImages/IMG_2590_jpeg_jpg.rf.da9b68be20084cb37cdb80fa8747a076.jpg 1,132,225,349,0 85,356,440,535,6 274,604,665,936,6
F:\dp\4\yolov4-tiny-pytorch-master\VOCdevkit/VOC2007/JPEGImages/IMG_2592_jpeg_jpg.rf.9c8ada079979c004ab05f15d6b66c902.jpg 236,442,592,614,6
F:\dp\4\yolov4-tiny-pytorch-master\VOCdevkit/VOC2007/JPEGImages/IMG_2593_jpeg_jpg.rf.58aeb2909a359dbecf429949aeef4785.jpg 2,19,132,95,4 176,1,253,55,0 113,102,209,153,0 103,1,170,38,0 312,492,554,609,6
F:\dp\4\yolov4-tiny-pytorch-master\VOCdevkit/VOC2007/JPEGImages/IMG_2594_jpeg_jpg.rf.40698b5028ec7d9443d65a38b58bec42.jpg 586,579,768,896,6 68,536,555,789,6 574,126,769,213,6 3,323,307,605,4
F:\dp\4\yolov4-tiny-pytorch-master\VOCdevkit/VOC2007/JPEGImages/IMG_2595_jpeg_jpg.rf.1c8b482b1ad0ca6648e61b694ed4ee83.jpg 570,1,676,75,0 700,1,760,71,0 553,10,645,74,0 662,24,746,86,0 90,123,633,972,6
F:\dp\4\yolov4-tiny-pytorch-master\VOCdevkit/VOC2007/JPEGImages/IMG_2597_jpeg_jpg.rf.0f07eb126fe35d31acdbec7adb23ed50.jpg 269,1,583,111,4 422,465,602,547,6 217,452,342,508,6 355,121,447,164,0 150,1,220,40,0 577,68,645,99,0 591,1,718,14,0 432,12,457,43,0
F:\dp\4\yolov4-tiny-pytorch-master\VOCdevkit/VOC2007/JPEGImages/IMG_2598_jpeg_jpg.rf.5650ef75065f27a08cb74975840016a5.jpg 33,286,527,926,4 585,120,635,200,0 651,124,706,204,0 538,154,603,225,0 663,224,740,278,0 592,6,769,101,0
F:\dp\4\yolov4-tiny-pytorch-master\VOCdevkit/VOC2007/JPEGImages/IMG_2601_jpeg_jpg.rf.6db2e040b561c055befb49ca877632b3.jpg 15,378,131,501,4 439,1,491,100,0 1,25,100,118,0 1,118,115,188,4 29,228,155,295,4 1,1,124,58,0 139,156,203,207,0 281,602,406,648,0 674,457,768,503,4 365,296,435,337,0 476,226,521,266,0 224,200,297,238,0 218,245,280,279,0 549,256,597,290,0 405,277,478,311,0 644,228,700,261,0 678,289,727,321,0 291,245,362,277,0 444,571,505,603,6 540,254,588,285,0 577,265,621,294,0 470,538,540,566,0 551,297,602,325,0 411,533,459,559,0 722,262,768,287,0 635,282,677,306,0 642,260,692,282,0 507,1,620,84,0
F:\dp\4\yolov4-tiny-pytorch-master\VOCdevkit/VOC2007/JPEGImages/IMG_2603_jpeg_jpg.rf.6d8a5a94a16c04784eae01d5d07f8cbe.jpg 267,674,419,767,6 233,61,289,140,0 226,202,356,258,4 196,189,242,244,0 573,297,618,343,4 1,90,74,135,0 124,135,257,177,4 1,114,21,156,0 38,128,115,169,0 513,330,569,371,4 408,334,451,374,4 584,514,672,553,6 318,473,465,509,4 79,188,149,224,0 457,179,533,211,0 358,202,424,232,0 233,204,284,232,0 157,177,224,204,0 405,256,465,283,0 222,426,300,452,4 497,238,562,264,0 527,189,593,214,0 560,210,634,235,0 371,236,432,261,0 262,182,314,205,0 438,233,483,255,0 617,204,671,226,0 446,224,492,246,0 562,232,624,253,0 466,210,518,231,0 660,349,685,366,0 639,346,648,358,0 699,352,707,363,0
F:\dp\4\yolov4-tiny-pytorch-master\VOCdevkit/VOC2007/JPEGImages/IMG_2604_jpeg_jpg.rf.993c6667a03fd897ea35c645df9ee93d.jpg 162,575,298,650,6 48,69,117,131,0 105,116,169,174,0 184,142,241,198,0 53,21,150,76,0 1,141,80,197,0 1,55,46,109,0 550,501,676,551,6 299,202,371,250,0 148,63,215,111,0 1,210,115,259,4 596,151,673,196,0 231,112,273,156,0 178,100,231,140,0 456,312,525,352,0 363,151,423,190,0 252,169,295,206,0 547,255,611,290,0 537,176,582,211,0 386,233,444,267,0 483,182,533,214,0 312,156,353,187,0 39,1,128,31,0 599,234,644,263,0 636,209,687,238,0 373,204,423,230,0 293,130,340,155,0 463,155,522,178,0 634,280,677,302,0
F:\dp\4\yolov4-tiny-pytorch-master\VOCdevkit/VOC2007/JPEGImages/IMG_2605_jpeg_jpg.rf.2d62821e1b21d2a61a98252c59a4042e.jpg 66,176,142,258,0 1,333,94,405,4 433,493,572,557,6 178,54,247,117,4 2,47,80,110,4 122,6,228,60,0 374,52,410,103,0 125,390,172,440,0 145,472,256,520,6 265,66,335,111,0 138,8,213,49,0 386,159,446,200,0 290,178,333,218,0 443,170,493,210,0 343,99,396,138,0 273,101,329,138,0 289,25,365,60,0 584,83,667,117,0 471,68,546,101,0 677,85,721,118,0 469,132,540,165,0 353,25,406,57,0 414,89,481,121,0 599,176,679,207,0 118,436,148,467,0 660,123,710,153,0 537,127,591,157,0 553,160,633,189,0 395,340,445,368,0 475,94,550,118,0
F:\dp\4\yolov4-tiny-pytorch-master\VOCdevkit/VOC2007/JPEGImages/IMG_2606_jpeg_jpg.rf.27e5a373d43d2535a923e1089bf60051.jpg 334,507,534,600,6 509,45,573,91,0 569,307,619,345,0 499,359,537,394,0 479,314,527,342,0
F:\dp\4\yolov4-tiny-pytorch-master\VOCdevkit/VOC2007/JPEGImages/IMG_2608_jpeg_jpg.rf.9ba9cc2485112df87a73dee448aad2bc.jpg 276,295,610,705,5
F:\dp\4\yolov4-tiny-pytorch-master\VOCdevkit/VOC2007/JPEGImages/IMG_2609_jpeg_jpg.rf.812bb452a59431bc957f24c60300dfee.jpg 267,496,531,807,5
F:\dp\4\yolov4-tiny-pytorch-master\VOCdevkit/VOC2007/JPEGImages/IMG_2611_jpeg_jpg.rf.dbd7d022107e21b1ff23e3b75b6f81ea.jpg 331,439,498,591,6 623,585,741,685,0 509,564,618,643,0 448,101,769,257,4
F:\dp\4\yolov4-tiny-pytorch-master\VOCdevkit/VOC2007/JPEGImages/IMG_2612_jpeg_jpg.rf.4d3cb56bf5e65d1f8478142104a25cfb.jpg 192,382,466,745,6 1,1,768,144,4 66,411,218,534,0 514,829,662,910,0
F:\dp\4\yolov4-tiny-pytorch-master\VOCdevkit/VOC2007/JPEGImages/IMG_2613_jpeg_jpg.rf.03a46725a60afa2d492d463de939b335.jpg 348,572,726,984,4 173,360,548,584,6 417,76,547,233,6 678,566,768,690,0 225,676,332,754,6 260,756,357,812,0
F:\dp\4\yolov4-tiny-pytorch-master\VOCdevkit/VOC2007/JPEGImages/IMG_2614_jpeg_jpg.rf.3e97fad88a0f36e45bd32ecd13a34be6.jpg 55,770,451,982,4 400,634,545,736,6 386,52,533,158,6
F:\dp\4\yolov4-tiny-pytorch-master\VOCdevkit/VOC2007/JPEGImages/IMG_2617_jpeg_jpg.rf.0749a7644179240c7747ad03ae9999c0.jpg 475,592,576,735,0 360,463,431,583,0 375,537,448,657,0 405,441,530,554,0 219,431,413,541,6 559,393,678,501,0 706,301,768,402,0 463,302,613,363,0 605,682,717,857,0
F:\dp\4\yolov4-tiny-pytorch-master\VOCdevkit/VOC2007/JPEGImages/IMG_2618_jpeg_jpg.rf.10bc0b28fb5d6b893602833d791c4dff.jpg 12,669,89,717,0 48,637,113,683,0 316,460,468,568,6
F:\dp\4\yolov4-tiny-pytorch-master\VOCdevkit/VOC2007/JPEGImages/IMG_2619_jpeg_jpg.rf.62b48e73de77f2d89e512df79ebb3041.jpg 217,391,558,509,6 298,675,389,723,0
F:\dp\4\yolov4-tiny-pytorch-master\VOCdevkit/VOC2007/JPEGImages/IMG_2623_jpeg_jpg.rf.0af1f3048c78df2f0f8dc887ff548198.jpg 129,471,695,736,6
F:\dp\4\yolov4-tiny-pytorch-master\VOCdevkit/VOC2007/JPEGImages/IMG_2624_jpeg_jpg.rf.f10f557d310720d6c38739ba284918f8.jpg 102,456,546,722,6
F:\dp\4\yolov4-tiny-pytorch-master\VOCdevkit/VOC2007/JPEGImages/IMG_2625_jpeg_jpg.rf.049cfca5fa7da90878060904a452975d.jpg 201,323,366,665,6
F:\dp\4\yolov4-tiny-pytorch-master\VOCdevkit/VOC2007/JPEGImages/IMG_2627_jpeg_jpg.rf.71ea24ceb65b886d6f148dbd31f451d1.jpg 128,256,595,817,6
F:\dp\4\yolov4-tiny-pytorch-master\VOCdevkit/VOC2007/JPEGImages/IMG_2628_jpeg_jpg.rf.c607a4280b054d5a636f5ee3398b886d.jpg 73,184,600,615,6
F:\dp\4\yolov4-tiny-pytorch-master\VOCdevkit/VOC2007/JPEGImages/IMG_2629_jpeg_jpg.rf.123294d0d4c352dd3481382281ce7ab8.jpg 22,267,597,594,6 635,582,768,801,6
F:\dp\4\yolov4-tiny-pytorch-master\VOCdevkit/VOC2007/JPEGImages/IMG_2631_jpeg_jpg.rf.96fbf4652e525919f27d48720cc706e0.jpg 381,512,657,633,6 357,894,398,1010,0 317,897,368,980,0 213,483,344,554,6 422,864,453,918,0 463,791,488,833,0 443,704,491,731,0
F:\dp\4\yolov4-tiny-pytorch-master\VOCdevkit/VOC2007/JPEGImages/IMG_2633_jpeg_jpg.rf.1874402ef6487354eb8cef83998b17f5.jpg 608,672,767,883,4 176,421,561,578,6 439,746,562,858,6 485,923,521,1022,0 173,578,258,624,0
F:\dp\4\yolov4-tiny-pytorch-master\VOCdevkit/VOC2007/JPEGImages/IMG_2634_jpeg_jpg.rf.b2c0aa352f4910f2d7c110e30f23b2cc.jpg 357,442,597,632,6 536,787,768,925,4 400,810,560,924,6 344,801,397,871,0 283,736,346,791,0 188,664,223,713,0
F:\dp\4\yolov4-tiny-pytorch-master\VOCdevkit/VOC2007/JPEGImages/IMG_2638_jpeg_jpg.rf.e72c19e437b4a0a304ee07003a66280f.jpg 418,876,599,1025,6 137,715,324,855,6 660,549,768,649,4 204,253,660,714,6
F:\dp\4\yolov4-tiny-pytorch-master\VOCdevkit/VOC2007/JPEGImages/IMG_2639_jpeg_jpg.rf.44073e788a70dcd9df5e84d85f16a602.jpg 282,170,677,623,6 510,767,684,925,6 461,974,583,1024,0
F:\dp\4\yolov4-tiny-pytorch-master\VOCdevkit/VOC2007/JPEGImages/IMG_2640_jpeg_jpg.rf.3cc8a06471bb887f2ca3deea90e1f740.jpg 206,288,766,617,6 213,752,253,809,0
F:\dp\4\yolov4-tiny-pytorch-master\VOCdevkit/VOC2007/JPEGImages/IMG_2641_jpeg_jpg.rf.3fc4fead3495733a8298ef199058794b.jpg 175,380,591,628,6
F:\dp\4\yolov4-tiny-pytorch-master\VOCdevkit/VOC2007/JPEGImages/IMG_2642_jpeg_jpg.rf.3d4d0bd35e30e6c18388b3f50e699a4d.jpg 346,525,769,880,4 343,475,489,588,6
F:\dp\4\yolov4-tiny-pytorch-master\VOCdevkit/VOC2007/JPEGImages/IMG_2643_jpeg_jpg.rf.5a7752897b56469837e946255d67337d.jpg 1,302,686,1025,4
F:\dp\4\yolov4-tiny-pytorch-master\VOCdevkit/VOC2007/JPEGImages/IMG_2644_jpeg_jpg.rf.5457f7caeb210ee8c00a94d640bb62e2.jpg 3,348,644,687,4 1,731,135,844,6
F:\dp\4\yolov4-tiny-pytorch-master\VOCdevkit/VOC2007/JPEGImages/IMG_2646_jpeg_jpg.rf.f128f9fb09439406d8dc2abb9a1b74c7.jpg 361,501,415,610,6
F:\dp\4\yolov4-tiny-pytorch-master\VOCdevkit/VOC2007/JPEGImages/IMG_2647_jpeg_jpg.rf.9b83da86e81bb2e5ba772305e2172d63.jpg 354,485,470,561,6
F:\dp\4\yolov4-tiny-pytorch-master\VOCdevkit/VOC2007/JPEGImages/IMG_2648_jpeg_jpg.rf.122267403ea0ae066f642e62434ef2e3.jpg 446,484,640,617,6 231,473,362,560,6
F:\dp\4\yolov4-tiny-pytorch-master\VOCdevkit/VOC2007/JPEGImages/IMG_2649_jpeg_jpg.rf.efd042de1468c6f1725e06af6b1d9ffd.jpg 358,444,516,544,6
F:\dp\4\yolov4-tiny-pytorch-master\VOCdevkit/VOC2007/JPEGImages/IMG_2650_jpeg_jpg.rf.1afc879d751b50c9d8c935269e8995ff.jpg 229,437,570,676,6 317,279,478,407,6 656,625,768,707,0
F:\dp\4\yolov4-tiny-pytorch-master\VOCdevkit/VOC2007/JPEGImages/IMG_2652_jpeg_jpg.rf.40e0f7177b75d8d66623db50d4bcc84d.jpg 2,423,687,744,4 544,705,582,853,0 488,884,627,989,0
F:\dp\4\yolov4-tiny-pytorch-master\VOCdevkit/VOC2007/JPEGImages/IMG_2653_jpeg_jpg.rf.f5e2d0fb8b333ea049c7cba182d78725.jpg 357,482,553,619,6
F:\dp\4\yolov4-tiny-pytorch-master\VOCdevkit/VOC2007/JPEGImages/IMG_2654_jpeg_jpg.rf.8c0b3ca2c7f729e5733f4d2f7bf9c693.jpg 227,366,376,501,6 463,922,510,985,0 313,978,407,1024,0 213,58,368,209,6
F:\dp\4\yolov4-tiny-pytorch-master\VOCdevkit/VOC2007/JPEGImages/IMG_2655_jpeg_jpg.rf.500bca587eb20e6e80acbea6f60ebd40.jpg 283,231,429,346,6 276,421,431,540,6
F:\dp\4\yolov4-tiny-pytorch-master\VOCdevkit/VOC2007/JPEGImages/IMG_2656_jpeg_jpg.rf.a541b5b12110ebe4290c1c606ecb1f6a.jpg 366,523,493,578,6 363,334,492,386,6
F:\dp\4\yolov4-tiny-pytorch-master\VOCdevkit/VOC2007/JPEGImages/IMG_2657_jpeg_jpg.rf.3a2d1183bd6a9c4b8a1a8b9808d46d15.jpg 305,433,627,611,4 1,869,64,982,0 1,752,110,846,0 84,748,159,828,0 242,146,310,188,6 341,338,370,358,0 349,379,377,398,0
F:\dp\4\yolov4-tiny-pytorch-master\VOCdevkit/VOC2007/JPEGImages/IMG_3122_jpeg_jpg.rf.e9a29910dc8281cd1709baad92212e23.jpg 2,70,614,728,5 450,533,747,818,5
F:\dp\4\yolov4-tiny-pytorch-master\VOCdevkit/VOC2007/JPEGImages/IMG_3123_jpeg_jpg.rf.e76afbe597d98c497fcf2ac25c3d0fc7.jpg 44,181,749,748,5 499,438,672,662,5 66,355,434,578,5 2,742,156,823,5 322,726,498,788,5
F:\dp\4\yolov4-tiny-pytorch-master\VOCdevkit/VOC2007/JPEGImages/IMG_3127_jpeg_jpg.rf.1f29f97225daf147f37da45ccc3e9f5e.jpg 291,504,473,625,5 616,309,768,418,0 131,449,222,522,0
F:\dp\4\yolov4-tiny-pytorch-master\VOCdevkit/VOC2007/JPEGImages/IMG_3130_jpeg_jpg.rf.b5b8d070c7b00dfecaf0564973e1f927.jpg 170,275,331,445,3 566,288,635,389,3 600,280,654,361,3 416,252,461,314,3 483,323,553,379,3
F:\dp\4\yolov4-tiny-pytorch-master\VOCdevkit/VOC2007/JPEGImages/IMG_3131_jpeg_jpg.rf.fcf0ccd8dbf187344da242e29eeac0cb.jpg 425,518,668,644,3 459,258,564,357,3 611,262,673,349,3 663,255,711,341,3 553,263,587,335,3 106,259,154,329,3 358,227,402,296,3 671,124,721,190,3 715,138,763,200,3 186,267,217,328,3 220,261,273,317,3 67,323,136,361,3
F:\dp\4\yolov4-tiny-pytorch-master\VOCdevkit/VOC2007/JPEGImages/IMG_3132_jpeg_jpg.rf.bc9492bc4b33309ca664cc27baa03a1b.jpg 270,260,340,381,3
F:\dp\4\yolov4-tiny-pytorch-master\VOCdevkit/VOC2007/JPEGImages/IMG_3133_jpeg_jpg.rf.f439b9d382fd153b96f0a88cdf169172.jpg
F:\dp\4\yolov4-tiny-pytorch-master\VOCdevkit/VOC2007/JPEGImages/IMG_3135_jpeg_jpg.rf.595f10fe0c7bb159a720ff872aa1d2c7.jpg 688,356,739,453,3 562,361,632,451,3 625,361,663,425,3 287,336,314,398,3 221,339,272,398,3 334,340,365,395,3 193,433,287,483,3 56,390,122,425,3 750,375,768,451,3
F:\dp\4\yolov4-tiny-pytorch-master\VOCdevkit/VOC2007/JPEGImages/IMG_3137_jpeg_jpg.rf.f066fa3a50b9e2b392c9889bc3caaff8.jpg 248,481,494,712,3 73,85,141,181,3 137,169,233,269,3
F:\dp\4\yolov4-tiny-pytorch-master\VOCdevkit/VOC2007/JPEGImages/IMG_3138_jpeg_jpg.rf.ff253449ce146d664f1c0fb5f7f25ef5.jpg 424,285,470,377,3 374,293,417,381,3 672,186,730,269,3 306,297,348,376,3 185,521,393,597,3 445,178,467,243,3 350,196,383,260,3 83,272,143,329,3 404,182,445,239,3 256,327,304,379,3 575,31,613,74,3 54,346,112,399,3
F:\dp\4\yolov4-tiny-pytorch-master\VOCdevkit/VOC2007/JPEGImages/IMG_3140_jpeg_jpg.rf.dd52b96ae1602530456e88bc4b6ac7db.jpg 1,469,96,593,3 351,292,409,407,3 651,169,742,281,3 400,303,462,397,3 221,317,293,411,3 91,272,137,347,3 397,185,450,256,3 629,387,720,454,3 301,194,373,250,3
F:\dp\4\yolov4-tiny-pytorch-master\VOCdevkit/VOC2007/JPEGImages/IMG_3141_jpeg_jpg.rf.c249d06d36488839bb413a9aea0dfdef.jpg 319,560,665,798,3 669,74,749,227,3 358,233,412,344,3 221,251,299,346,3 418,252,468,335,3 412,126,476,202,3 74,212,143,288,3 308,133,377,189,3 628,328,730,394,3
F:\dp\4\yolov4-tiny-pytorch-master\VOCdevkit/VOC2007/JPEGImages/IMG_3148_jpeg_jpg.rf.daef4a62da020f684a31336a19f54ee8.jpg 1,206,768,861,3 461,302,534,390,3 406,273,465,358,3
F:\dp\4\yolov4-tiny-pytorch-master\VOCdevkit/VOC2007/JPEGImages/IMG_3149_jpeg_jpg.rf.ec910aff6521c2af1a1bcbe5887b07f7.jpg 186,167,467,601,3
F:\dp\4\yolov4-tiny-pytorch-master\VOCdevkit/VOC2007/JPEGImages/IMG_3152_jpeg_jpg.rf.e018fb206e9194f3536a290f0c649274.jpg 162,132,338,223,3 1,36,59,96,3 271,609,435,751,3
F:\dp\4\yolov4-tiny-pytorch-master\VOCdevkit/VOC2007/JPEGImages/IMG_3155_jpeg_jpg.rf.126609905e993daff169f85e1846a21e.jpg 329,495,493,695,3 433,167,550,242,0
F:\dp\4\yolov4-tiny-pytorch-master\VOCdevkit/VOC2007/JPEGImages/IMG_3156_jpeg_jpg.rf.330ea62dfe1c5108c408331acc17cd6a.jpg 358,289,534,397,3
F:\dp\4\yolov4-tiny-pytorch-master\VOCdevkit/VOC2007/JPEGImages/IMG_3157_jpeg_jpg.rf.733ab479bba3333edf7a1cda5054a7e9.jpg 598,717,769,954,3 306,1,769,196,3 423,290,646,398,3
F:\dp\4\yolov4-tiny-pytorch-master\VOCdevkit/VOC2007/JPEGImages/IMG_3167_jpeg_jpg.rf.bfbb9755c1a35c202d4ae1eeaabc3cae.jpg 350,398,609,536,2 1,177,54,307,2 54,90,129,184,2 603,132,660,220,2 374,102,415,173,2 3,106,40,176,2 145,111,183,169,2 333,118,367,176,2 647,131,693,188,2 254,78,273,125,2 272,91,298,136,2 343,53,373,93,2 209,137,259,172,2 475,134,498,156,2
F:\dp\4\yolov4-tiny-pytorch-master\VOCdevkit/VOC2007/JPEGImages/IMG_3168_jpeg_jpg.rf.c2409837e6459d9706aca4476ad19c3d.jpg 353,713,427,802,2 482,464,534,551,2 520,464,576,549,2 240,447,282,514,2 634,484,676,549,2 8,457,56,517,2 308,457,338,503,2 102,455,133,500,2 271,452,286,496,2 697,462,727,505,2 294,456,311,497,2 138,468,169,504,2 275,403,294,436,2 170,446,214,468,2 1,733,248,833,2
F:\dp\4\yolov4-tiny-pytorch-master\VOCdevkit/VOC2007/JPEGImages/IMG_3169_jpeg_jpg.rf.00b985cb8ddf5da8964dc21435e1bd2c.jpg 474,430,530,522,2 1,631,96,721,2 193,409,237,485,2 586,446,632,519,2 223,418,247,476,2 247,426,277,475,2 48,434,90,483,2 94,436,127,482,2 151,411,178,455,2 227,373,255,417,2 127,401,162,441,2 1,440,32,480,2 356,673,475,775,2
F:\dp\4\yolov4-tiny-pytorch-master\VOCdevkit/VOC2007/JPEGImages/IMG_3170_jpeg_jpg.rf.12acc73c5aaf986bf28d119f89015a10.jpg 190,347,630,936,2 378,43,431,142,2 486,86,535,175,2 440,63,478,131,2 139,98,180,153,2 1,48,47,150,2
F:\dp\4\yolov4-tiny-pytorch-master\VOCdevkit/VOC2007/JPEGImages/IMG_3172_jpeg_jpg.rf.ce1a948fee49ecf8e542db885541bcab.jpg 219,461,718,659,2 504,507,769,608,2 18,349,74,424,2 108,370,181,432,2 338,381,382,438,2 266,381,311,433,2 365,358,398,400,2
F:\dp\4\yolov4-tiny-pytorch-master\VOCdevkit/VOC2007/JPEGImages/IMG_3174_jpeg_jpg.rf.94153bec4eb7e39ce631323f8f126031.jpg 246,297,718,465,2 836,164,895,253,2 1,203,86,283,2 126,194,206,271,2 911,177,954,244,2 214,198,259,252,2 264,182,295,228,2 957,203,998,241,2
F:\dp\4\yolov4-tiny-pytorch-master\VOCdevkit/VOC2007/JPEGImages/IMG_3176_jpeg_jpg.rf.d2ccf3978d7846c94fcb5d7700ea50dc.jpg 164,295,1007,590,2 955,207,996,251,2 60,251,94,295,2 272,249,304,286,2 104,256,134,293,2 216,256,244,293,2 155,258,188,292,2 40,255,58,286,2 311,230,329,261,2 891,199,933,266,2
F:\dp\4\yolov4-tiny-pytorch-master\VOCdevkit/VOC2007/JPEGImages/IMG_3177_jpeg_jpg.rf.21ff231136bee6d8d2d88475c2ca47ce.jpg 378,430,685,583,2 522,321,572,389,2 626,323,667,388,2 365,368,409,421,2 817,304,855,357,2 593,337,625,384,2 469,350,505,397,2 460,350,484,390,2 753,326,777,366,2 744,321,768,358,2 690,348,703,376,2 708,350,732,373,2 838,283,863,321,2
F:\dp\4\yolov4-tiny-pytorch-master\VOCdevkit/VOC2007/JPEGImages/IMG_3181_jpeg_jpg.rf.c52b54494d4236e54b900fe60bd6565b.jpg 62,508,364,689,5 420,504,679,691,5
F:\dp\4\yolov4-tiny-pytorch-master\VOCdevkit/VOC2007/JPEGImages/IMG_3182_jpeg_jpg.rf.3e85376545651810d891af33d25e6bcf.jpg 74,366,197,555,5 485,607,610,793,5
F:\dp\4\yolov4-tiny-pytorch-master\VOCdevkit/VOC2007/JPEGImages/IMG_3186_jpeg_jpg.rf.27529a442577197646428640172a7920.jpg 562,610,661,731,5 303,471,392,559,5 229,663,344,745,5 186,381,266,452,5 538,812,613,872,5
F:\dp\4\yolov4-tiny-pytorch-master\VOCdevkit/VOC2007/JPEGImages/IMG_3187_jpeg_jpg.rf.78bcf0210ca5e1fc46e9104fc27d60f7.jpg 137,20,361,304,5 578,373,692,528,5 532,840,648,957,5 429,401,490,506,5 622,669,692,768,5
F:\dp\4\yolov4-tiny-pytorch-master\VOCdevkit/VOC2007/JPEGImages/IMG_3188_jpeg_jpg.rf.747520ca7cf3643faf40accc5db68c4d.jpg 155,27,391,348,0 250,376,383,523,5 529,565,615,684,5 573,795,634,882,5 421,586,467,672,5 511,950,614,1025,5
F:\dp\4\yolov4-tiny-pytorch-master\VOCdevkit/VOC2007/JPEGImages/IMG_8319_jpg.rf.d9c66db153b1293af6ce36c1e4f6455c.jpg 130,149,411,576,0
F:\dp\4\yolov4-tiny-pytorch-master\VOCdevkit/VOC2007/JPEGImages/IMG_8327_jpg.rf.b859bdc46f8f4aaf4d1ff2b902e276df.jpg 44,161,583,674,0
F:\dp\4\yolov4-tiny-pytorch-master\VOCdevkit/VOC2007/JPEGImages/IMG_8328_jpg.rf.c7cdca0b7dc7a6ac3c44254a11bd63cc.jpg 65,62,835,621,0
F:\dp\4\yolov4-tiny-pytorch-master\VOCdevkit/VOC2007/JPEGImages/IMG_8329_jpg.rf.50153f721ac528f1e0025402e67d263e.jpg 366,1,807,519,0 724,1,965,321,0
F:\dp\4\yolov4-tiny-pytorch-master\VOCdevkit/VOC2007/JPEGImages/IMG_8338_jpg.rf.8904d4055c1bfbe9b91a67e996bf28d7.jpg 239,152,271,207,0 212,122,237,161,0 612,386,636,424,0 782,365,821,420,0 827,471,861,526,0 898,270,927,296,0 995,284,1024,430,0 251,617,294,741,0 196,704,225,764,0 311,84,332,134,0 348,82,368,128,0 520,400,546,444,0 297,314,319,367,0 301,24,325,61,0 207,288,226,337,0 202,264,233,283,0 234,355,251,390,0 270,382,291,426,0 193,369,216,410,0
F:\dp\4\yolov4-tiny-pytorch-master\VOCdevkit/VOC2007/JPEGImages/IMG_8342_jpg.rf.783d618ba66fc9dd9d32656e6d5019ab.jpg 476,470,824,660,0 27,264,89,400,0 180,127,245,218,0
F:\dp\4\yolov4-tiny-pytorch-master\VOCdevkit/VOC2007/JPEGImages/IMG_8344_jpg.rf.e4fd2a221aa52c4bed4676b3df3faf62.jpg 80,576,216,768,0 833,2,912,191,0 697,6,794,154,0 318,154,411,290,0 294,275,362,395,0 254,82,361,174,0 876,272,957,445,0
F:\dp\4\yolov4-tiny-pytorch-master\VOCdevkit/VOC2007/JPEGImages/IMG_8357_jpg.rf.e2bd534646a7aa8e2cc4a767e41786e1.jpg 857,59,911,135,0 574,121,613,192,0 740,113,786,181,0 617,178,742,236,0 673,1,712,46,0 668,47,775,90,0 736,1,796,35,0
F:\dp\4\yolov4-tiny-pytorch-master\VOCdevkit/VOC2007/JPEGImages/IMG_8376_jpg.rf.f129d46d1c4ae234b8aebe69ea012d64.jpg 351,343,469,565,0 112,374,173,484,0 119,383,215,576,0
F:\dp\4\yolov4-tiny-pytorch-master\VOCdevkit/VOC2007/JPEGImages/IMG_8378_jpg.rf.406b5fbdf5f05598549ed90bab244ad4.jpg 486,415,626,666,0 452,247,586,389,0 239,234,292,320,0 523,623,573,683,0 301,241,384,287,0 622,12,711,101,0
F:\dp\4\yolov4-tiny-pytorch-master\VOCdevkit/VOC2007/JPEGImages/IMG_8383_jpg.rf.178ef0bbd25f288422fd08dff1524c3d.jpg 509,380,596,635,0 336,262,454,495,0 214,393,272,524,0 152,491,240,599,0 183,608,245,732,0
F:\dp\4\yolov4-tiny-pytorch-master\VOCdevkit/VOC2007/JPEGImages/IMG_8386_jpg.rf.12f46bb864b93a578eb4a76e778dad9c.jpg 158,206,339,452,0 198,542,376,768,0 69,162,272,353,0 366,316,492,490,0 44,337,189,510,0 808,252,1025,412,0 63,610,227,768,0 586,475,790,615,0 829,349,1023,440,0 533,655,765,742,0 637,1,904,471,4
F:\dp\4\yolov4-tiny-pytorch-master\VOCdevkit/VOC2007/JPEGImages/IMG_8393_jpg.rf.b15bb8dbd120bb9c9eb9eb6db83645b4.jpg 508,614,605,717,0 566,440,634,518,0 349,627,373,666,0 555,687,591,726,0 231,466,267,482,0 422,92,506,325,4
F:\dp\4\yolov4-tiny-pytorch-master\VOCdevkit/VOC2007/JPEGImages/IMG_8394_jpg.rf.7d9dbe2003dcd63710cf358498231d23.jpg 553,322,666,619,4 644,482,681,525,0 687,514,795,560,0 331,387,363,404,0 343,245,372,260,0 100,322,140,337,0 122,539,144,588,0 94,626,115,651,0 235,569,254,581,0 296,496,302,513,0 125,488,157,515,0 98,504,132,543,0 751,418,781,437,0 269,270,286,279,0
F:\dp\4\yolov4-tiny-pytorch-master\VOCdevkit/VOC2007/JPEGImages/IMG_8398_jpg.rf.1f9989b02bab390abcc1c6651ae35690.jpg 553,1,678,397,4 562,1,663,200,4 360,146,504,333,4 375,398,610,583,4 194,661,219,739,0 771,553,792,602,0 797,724,847,768,0 226,497,273,525,0
F:\dp\4\yolov4-tiny-pytorch-master\VOCdevkit/VOC2007/JPEGImages/IMG_8399_jpg.rf.98177022467f0f178f35070eba1faf92.jpg 509,282,669,638,4 561,240,686,461,4 305,44,437,237,4 193,580,217,653,0 779,681,805,736,0 255,459,303,489,0 262,429,274,458,0 148,638,164,667,0 625,722,652,742,0
F:\dp\4\yolov4-tiny-pytorch-master\VOCdevkit/VOC2007/JPEGImages/IMG_8402_jpg.rf.3a5e6ef286c3710d8440da541aa82f18.jpg 734,638,787,764,0 391,335,418,385,0 317,483,384,525,0 823,668,883,709,0 285,534,303,574,0 227,551,249,571,0 201,186,303,468,6
F:\dp\4\yolov4-tiny-pytorch-master\VOCdevkit/VOC2007/JPEGImages/IMG_8403_jpg.rf.eacd563b31d0cdecfb5f3b7e5c11c453.jpg 119,225,239,508,6 815,357,918,453,0 972,105,1001,196,0 710,451,804,537,0 351,505,374,564,0 290,510,308,562,0 178,548,192,593,0 224,520,235,556,0 153,510,199,545,0 335,202,406,530,4
F:\dp\4\yolov4-tiny-pytorch-master\VOCdevkit/VOC2007/JPEGImages/IMG_8406_jpg.rf.fda4b68f345bda8047e7f15060f70e45.jpg 107,443,176,641,4 639,491,679,673,0 626,108,766,188,0 819,420,831,500,0 812,25,943,82,0 861,451,905,496,0 628,691,652,736,0 895,516,944,561,0 587,136,629,169,0 515,588,556,618,0 466,408,504,433,0 504,391,532,413,0
F:\dp\4\yolov4-tiny-pytorch-master\VOCdevkit/VOC2007/JPEGImages/IMG_8408_jpg.rf.f0cdde37a7dbd43b55281d7d1475840e.jpg 214,128,362,584,6 795,429,828,587,0 944,249,972,419,0
F:\dp\4\yolov4-tiny-pytorch-master\VOCdevkit/VOC2007/JPEGImages/IMG_8411_jpg.rf.e97cd10f60bc011b5aa539fcc34dcfaa.jpg 348,179,571,596,4 6,646,85,690,0
F:\dp\4\yolov4-tiny-pytorch-master\VOCdevkit/VOC2007/JPEGImages/IMG_8412_jpg.rf.a7669aef0d6247193978c21e8581e57f.jpg 85,203,282,427,4 431,647,470,767,0 231,680,278,769,0 387,465,421,534,0 797,181,830,234,0 725,258,767,307,0 619,614,644,658,0 527,342,645,384,0 606,296,683,330,0 372,734,388,768,0
F:\dp\4\yolov4-tiny-pytorch-master\VOCdevkit/VOC2007/JPEGImages/IMG_8413_jpg.rf.6e17a573ccc98b664f2066f5d247944a.jpg 193,266,257,358,0 332,445,375,536,0 47,502,88,573,0 782,319,841,384,0 865,1,942,52,0 855,140,931,172,0 799,197,880,227,0 275,539,320,560,0 461,139,648,654,4
F:\dp\4\yolov4-tiny-pytorch-master\VOCdevkit/VOC2007/JPEGImages/IMG_8416_jpg.rf.8702b4edbbda3768d7d820414ed7d4c3.jpg 851,153,878,210,0 287,588,368,644,0 297,175,356,230,0 43,414,69,458,0 334,263,386,301,0 524,216,547,251,0 730,242,742,277,0 285,127,301,160,0 772,149,790,182,0 690,93,709,122,0 643,1,669,27,0 782,205,811,228,0 449,126,497,144,0 780,371,822,389,0 476,190,520,206,0 724,308,763,324,0 92,139,119,155,0 78,114,95,122,0 238,300,556,652,6
F:\dp\4\yolov4-tiny-pytorch-master\VOCdevkit/VOC2007/JPEGImages/IMG_8418_jpg.rf.1dab5e5914341afcc2be5987e1899086.jpg 625,456,836,614,4 398,196,476,286,4 524,281,548,332,0 542,301,567,346,0 555,266,590,308,0 572,321,616,361,0 276,126,300,163,0 561,360,629,396,0 566,245,612,279,0 513,203,536,236,0 648,306,673,337,0 794,278,834,307,0 572,176,586,195,0 659,367,673,383,0 733,320,743,335,0 707,328,730,337,0 392,351,469,384,0
F:\dp\4\yolov4-tiny-pytorch-master\VOCdevkit/VOC2007/JPEGImages/IMG_8421_jpg.rf.44b6c0392b3fe1aa9416567b3c3a5b70.jpg 844,551,862,593,0 541,306,556,342,0 577,591,608,623,0 849,658,861,690,0 676,209,700,241,0 638,602,657,634,0 611,213,636,245,0 618,641,634,670,0 611,300,631,328,0 571,214,605,241,0 248,244,301,271,0 757,659,789,684,0 526,278,547,303,0 761,615,811,640,0 358,237,374,260,0 574,265,591,288,0 884,448,917,471,0 464,165,489,188,0 868,560,910,581,0 857,689,874,708,0 522,98,589,117,4 776,606,798,623,0 825,383,848,399,0 24,274,43,290,0 62,291,78,306,0 491,320,522,335,0 571,335,579,350,0 17,345,54,359,0 775,388,793,402,0 822,686,848,700,0 459,353,488,367,0 523,308,544,322,0 677,378,696,392,0 859,392,883,406,0 550,385,571,398,0 17,362,52,375,0 684,305,697,318,0 352,168,393,181,0 469,334,485,346,0 314,146,328,157,0 405,147,417,158,0 710,394,725,404,0 309,256,327,266,0 429,209,445,217,0 345,184,355,191,0
F:\dp\4\yolov4-tiny-pytorch-master\VOCdevkit/VOC2007/JPEGImages/IMG_8430_jpg.rf.710d601448bbe45e4e357906d7c73427.jpg 448,246,587,469,6 302,548,394,621,4 953,567,988,596,0 567,492,578,518,0 445,630,461,641,0 456,550,475,558,0
F:\dp\4\yolov4-tiny-pytorch-master\VOCdevkit/VOC2007/JPEGImages/IMG_8434_jpg.rf.79f70b6f3f2cbce5ebe9a0aaaa0a2444.jpg 180,268,253,660,4 472,252,701,612,6 406,488,477,769,4
F:\dp\4\yolov4-tiny-pytorch-master\VOCdevkit/VOC2007/JPEGImages/IMG_8436_jpg.rf.52c9029581b507fd31669163ec5a8faf.jpg 460,254,685,606,6 216,374,340,495,4 162,270,244,667,4
F:\dp\4\yolov4-tiny-pytorch-master\VOCdevkit/VOC2007/JPEGImages/IMG_8439_jpg.rf.e784fd1e3cd2e38fb7c169e2e54ad91e.jpg 293,101,480,704,4
F:\dp\4\yolov4-tiny-pytorch-master\VOCdevkit/VOC2007/JPEGImages/IMG_8443_jpg.rf.e635a944c002f8cd30aefb8ca18ea945.jpg 366,279,423,390,6 361,431,402,531,4 685,571,700,650,0 622,625,640,703,0 495,492,521,562,0 511,312,534,361,0 440,523,451,556,0 465,449,477,478,0 532,580,562,602,0 567,566,584,585,0 355,657,361,674,0 334,677,344,693,0 594,720,610,735,0 264,562,270,576,0 495,441,509,454,0 326,658,333,671,0 483,324,504,336,0 277,535,281,545,0 363,629,373,637,0 385,651,394,658,0
F:\dp\4\yolov4-tiny-pytorch-master\VOCdevkit/VOC2007/JPEGImages/IMG_8445_jpg.rf.32413bef3cc793802de2e161f56f09d7.jpg 443,46,536,201,6 946,217,1024,305,0 730,220,752,285,0 307,228,329,288,0 579,132,599,182,0 251,585,281,624,0 969,324,982,362,0 599,666,618,696,0 205,646,235,675,0 805,674,820,701,0 764,397,797,423,0 969,670,988,696,0 899,714,917,739,0 572,294,583,319,0 842,655,857,679,0 416,228,422,247,0 514,243,528,261,0 637,615,649,629,0 563,259,573,272,0 619,670,635,683,0 433,294,442,301,0 278,290,346,450,6
F:\dp\4\yolov4-tiny-pytorch-master\VOCdevkit/VOC2007/JPEGImages/IMG_8450_jpg.rf.74fad5d85de1a80cabbf586c7eaef4d9.jpg 329,59,379,175,0 306,466,347,562,0 287,93,347,188,0 207,383,241,477,0 184,452,260,539,0 173,408,212,486,0 231,368,279,445,0 41,448,74,524,0 528,297,564,370,0 120,455,157,527,0 305,341,383,410,0 310,235,355,302,0 138,541,182,607,0 100,630,141,696,0 357,272,396,338,0 275,661,311,725,0 95,551,123,615,0 121,500,155,564,0 293,432,320,495,0 149,498,175,556,0 239,261,306,310,0 355,200,404,247,0 173,706,204,752,0 248,142,271,186,0 194,675,236,716,0 395,79,427,120,0 65,730,88,768,0 79,54,101,87,0
F:\dp\4\yolov4-tiny-pytorch-master\VOCdevkit/VOC2007/JPEGImages/IMG_8461_jpg.rf.c1f3ef25fac44501963625279e8ca614.jpg 256,194,365,362,0
F:\dp\4\yolov4-tiny-pytorch-master\VOCdevkit/VOC2007/JPEGImages/IMG_8464_jpg.rf.66c981dfb9cc89ff0bcb93ca11067c74.jpg 25,162,48,180,0 87,171,109,189,0 191,210,235,283,0 230,304,294,364,0 255,293,301,362,0 321,288,363,347,0 280,391,340,451,0 396,346,464,421,0 379,371,442,428,0 443,389,523,459,0 467,344,523,368,0 554,373,589,431,0 617,374,736,432,0 707,489,782,569,0 906,564,965,605,0 988,480,1024,537,0 750,267,793,342,0 821,322,880,396,0 442,423,496,474,0
F:\dp\4\yolov4-tiny-pytorch-master\VOCdevkit/VOC2007/JPEGImages/IMG_8466_jpg.rf.a7894bfef84804dcbbdb8b46870cb66b.jpg 902,449,1023,562,0 939,317,1024,444,0 801,204,855,302,0 639,329,758,412,0 674,375,851,470,0 431,303,557,403,0 502,122,622,225,0 564,129,626,171,0 271,96,386,141,0 268,339,384,449,0 58,262,133,331,0 88,175,154,248,0 60,132,118,187,0 701,100,794,137,0 39,10,104,40,0
F:\dp\4\yolov4-tiny-pytorch-master\VOCdevkit/VOC2007/JPEGImages/IMG_8469_jpg.rf.7faf777e50196eee1e90df69e03fd778.jpg 328,103,450,319,0 332,367,497,478,0 470,1,563,108,0 200,539,501,696,0
F:\dp\4\yolov4-tiny-pytorch-master\VOCdevkit/VOC2007/JPEGImages/IMG_8470_jpg.rf.5c11524bbae1866b8f848725d86d5142.jpg 419,50,493,241,0 272,202,403,421,0 298,421,490,535,0 195,530,525,769,0
F:\dp\4\yolov4-tiny-pytorch-master\VOCdevkit/VOC2007/JPEGImages/IMG_8471_jpg.rf.ae5a71d679103fd7cba244719b0e3157.jpg 301,172,630,664,0 117,322,329,715,0 25,438,172,668,0
F:\dp\4\yolov4-tiny-pytorch-master\VOCdevkit/VOC2007/JPEGImages/IMG_8476_jpg.rf.33248f8c26e878e8a1b3a1a85746f93d.jpg 541,279,588,441,4 258,119,330,216,4 568,48,687,117,4 366,338,449,402,4 262,385,326,437,4 397,684,414,732,0 458,650,484,694,0 354,651,379,693,0 331,526,343,567,0 487,414,504,454,0 275,571,294,610,0 640,645,663,678,0 360,729,376,750,0 581,473,592,494,0 599,477,613,495,0 594,445,607,463,0 319,562,329,578,0 383,207,391,223,0 351,283,363,298,0 367,330,376,340,0 378,339,388,348,0 297,278,308,286,0 353,566,373,609,0
F:\dp\4\yolov4-tiny-pytorch-master\VOCdevkit/VOC2007/JPEGImages/IMG_8477_jpg.rf.e3f065c25272e57128a67a1b06a16631.jpg 197,166,270,281,4 462,62,573,131,4 299,403,389,464,4 445,584,475,627,0 260,670,286,710,0 473,358,493,394,0 687,503,701,535,0 282,485,302,512,0 252,463,270,485,0 708,574,722,594,0 617,522,641,541,0 386,624,418,643,0 379,253,388,272,0 375,320,384,339,0 312,482,326,500,0 352,274,363,287,0 377,197,388,209,0 302,664,330,675,0 200,150,206,158,0 639,517,658,524,0 558,431,619,563,4
F:\dp\4\yolov4-tiny-pytorch-master\VOCdevkit/VOC2007/JPEGImages/IMG_8478_jpg.rf.965ef34d8eee7cbb5e48a5ce4f6cac17.jpg 384,460,492,527,4 449,533,479,572,0 418,620,445,651,0 331,727,365,749,0 305,662,337,681,0 337,645,368,662,0
F:\dp\4\yolov4-tiny-pytorch-master\VOCdevkit/VOC2007/JPEGImages/IMG_8486_jpg.rf.3000bc7c3b4d2df476eea138b9682116.jpg 337,398,546,518,0 632,351,742,425,0 611,255,737,296,0
F:\dp\4\yolov4-tiny-pytorch-master\VOCdevkit/VOC2007/JPEGImages/IMG_8493_jpg.rf.0f25b61a8d7ab12cbf5ae131582007d5.jpg 409,2,501,485,0 223,604,379,755,4 539,1,641,361,0
F:\dp\4\yolov4-tiny-pytorch-master\VOCdevkit/VOC2007/JPEGImages/IMG_8494_jpg.rf.a68f75721ae7ee1a6bf2caa88aab6cc1.jpg 437,329,514,711,0 397,127,501,272,4 424,631,534,768,4
F:\dp\4\yolov4-tiny-pytorch-master\VOCdevkit/VOC2007/JPEGImages/IMG_8495_jpg.rf.207e20fe66feab6da48e9bbf2e9aeb83.jpg 187,373,267,671,0 630,485,807,724,4 531,205,657,442,0 320,334,399,516,0 246,166,384,331,0 387,447,456,612,0 500,479,549,625,0 372,255,466,362,0 320,136,539,226,0
F:\dp\4\yolov4-tiny-pytorch-master\VOCdevkit/VOC2007/JPEGImages/IMG_8496_MOV-0_jpg.rf.98652453afc7fb2316cf38fceba37730.jpg 492,208,576,346,0 188,253,425,368,0 214,529,554,721,0 68,398,576,562,0 61,401,326,470,0 64,339,388,404,0 155,30,533,134,0
F:\dp\4\yolov4-tiny-pytorch-master\VOCdevkit/VOC2007/JPEGImages/IMG_8496_MOV-1_jpg.rf.bfb30108c5b8c7ebd0b92028435ba919.jpg 1,472,259,642,4
F:\dp\4\yolov4-tiny-pytorch-master\VOCdevkit/VOC2007/JPEGImages/IMG_8496_MOV-4_jpg.rf.5a57e10d66c22e0dd54f16fc0d9ea2d8.jpg 235,504,362,711,4 192,590,576,747,0 1,589,167,657,0
F:\dp\4\yolov4-tiny-pytorch-master\VOCdevkit/VOC2007/JPEGImages/IMG_8496_MOV-5_jpg.rf.eacca955182a03a262de9b2c4012ecc4.jpg 1,467,135,643,0 127,437,481,559,0 1,582,358,698,0
F:\dp\4\yolov4-tiny-pytorch-master\VOCdevkit/VOC2007/JPEGImages/IMG_8496_MOV-6_jpg.rf.1a2f4660fc24ccab8c1f78b2aa6ca1d3.jpg 173,362,239,444,0 440,273,576,342,0 1,493,576,730,0
F:\dp\4\yolov4-tiny-pytorch-master\VOCdevkit/VOC2007/JPEGImages/IMG_8497_MOV-1_jpg.rf.40946c619f2980cf22ef4e1414e9aaaf.jpg 85,542,209,629,0 42,805,85,881,0 362,37,461,86,0 428,118,495,164,0 354,197,429,263,0 446,253,538,293,0 92,349,176,389,0 408,440,446,512,0 133,453,305,527,0 151,402,182,468,0
F:\dp\4\yolov4-tiny-pytorch-master\VOCdevkit/VOC2007/JPEGImages/IMG_8500_jpg.rf.95c3f3780b381dea7a27e2042ecea9c6.jpg 491,29,673,141,0 156,664,231,690,0
F:\dp\4\yolov4-tiny-pytorch-master\VOCdevkit/VOC2007/JPEGImages/IMG_8502_jpg.rf.81783141b72ae29e514d677ca0f5082d.jpg 275,204,541,619,0
F:\dp\4\yolov4-tiny-pytorch-master\VOCdevkit/VOC2007/JPEGImages/IMG_8509_jpg.rf.2c289b209622afd8e8aac913c35008d7.jpg 511,332,580,419,4 637,500,703,577,4 538,492,557,546,0 599,590,654,627,4
F:\dp\4\yolov4-tiny-pytorch-master\VOCdevkit/VOC2007/JPEGImages/IMG_8511_jpg.rf.0613c7cf6abb8e5201e65def1c22805c.jpg 120,239,390,390,0 857,176,890,203,0 902,170,931,192,0 904,203,939,223,0 834,226,879,244,0 842,147,865,161,0
F:\dp\4\yolov4-tiny-pytorch-master\VOCdevkit/VOC2007/JPEGImages/IMG_8512_MOV-2_jpg.rf.00f06559a0df06b71002d0b3dbf1804c.jpg 220,231,690,446,0
F:\dp\4\yolov4-tiny-pytorch-master\VOCdevkit/VOC2007/JPEGImages/IMG_8512_MOV-3_jpg.rf.3a2cf34e48d682a67a2e380ba574f417.jpg 849,483,1024,572,0 515,111,587,153,0 497,190,556,236,0 550,85,618,125,0 596,36,656,63,0 588,10,648,36,0 479,196,533,238,0 472,148,502,173,0
F:\dp\4\yolov4-tiny-pytorch-master\VOCdevkit/VOC2007/JPEGImages/IMG_8512_MOV-4_jpg.rf.e879ecc625c150dfb308030a737ff9c5.jpg 708,186,962,280,0
F:\dp\4\yolov4-tiny-pytorch-master\VOCdevkit/VOC2007/JPEGImages/IMG_8512_MOV-6_jpg.rf.02aa66e66ae9d7a5756bd29399a39936.jpg 150,342,611,546,0 638,123,888,316,0
F:\dp\4\yolov4-tiny-pytorch-master\VOCdevkit/VOC2007/JPEGImages/IMG_8516_jpg.rf.3538c4a9f231f528222981653f2c2b25.jpg 183,441,353,635,0 361,418,525,609,0 343,231,449,417,0 422,1,534,178,0 333,122,454,258,0 411,212,492,334,0 541,429,659,633,0
F:\dp\4\yolov4-tiny-pytorch-master\VOCdevkit/VOC2007/JPEGImages/IMG_8517_MOV-0_jpg.rf.1cd69226c4111a502f5018a4ff6bd886.jpg 73,158,284,318,0 591,177,768,282,0 159,57,253,161,0 664,1,919,76,0 843,2,932,47,0 667,258,753,325,0
F:\dp\4\yolov4-tiny-pytorch-master\VOCdevkit/VOC2007/JPEGImages/IMG_8517_MOV-1_jpg.rf.f38c10686e4a0e257b1f2d8f4bb5f4b1.jpg 178,242,373,392,0 896,38,1024,176,0 369,248,486,329,0 870,57,959,137,0 686,166,783,242,0 661,292,727,426,0
F:\dp\4\yolov4-tiny-pytorch-master\VOCdevkit/VOC2007/JPEGImages/IMG_8517_MOV-2_jpg.rf.448400031963649dfefa9534b568bf93.jpg 371,411,481,576,0 565,89,795,248,0 667,436,771,561,0 171,103,320,200,0 828,290,987,378,0 775,374,845,451,0 55,195,181,244,0
F:\dp\4\yolov4-tiny-pytorch-master\VOCdevkit/VOC2007/JPEGImages/IMG_8517_MOV-3_jpg.rf.b6e2c680f3adfbedfe5b1bbed3920bb7.jpg 713,101,959,241,0 781,288,912,390,0 1,157,95,229,0 484,240,743,397,0
F:\dp\4\yolov4-tiny-pytorch-master\VOCdevkit/VOC2007/JPEGImages/IMG_8517_MOV-4_jpg.rf.82cc2fd5812151d35ce655a5b25f5215.jpg 906,395,1024,572,0 960,102,1024,227,0 763,95,957,228,0 270,57,393,168,0 351,45,577,190,0 337,242,462,335,0 428,208,552,312,0
F:\dp\4\yolov4-tiny-pytorch-master\VOCdevkit/VOC2007/JPEGImages/IMG_8517_MOV-6_jpg.rf.951387a4d17ab16e6d56234d3046ddfd.jpg 62,67,252,166,0 568,280,820,423,0 153,94,273,174,0 498,193,514,209,0 538,181,559,200,0
F:\dp\4\yolov4-tiny-pytorch-master\VOCdevkit/VOC2007/JPEGImages/IMG_8519_jpg.rf.d10cb6cac5fa5d2e660cfca7d0f9ed14.jpg 516,389,546,444,0 366,235,392,260,0
F:\dp\4\yolov4-tiny-pytorch-master\VOCdevkit/VOC2007/JPEGImages/IMG_8520_jpg.rf.68bab0b4a111aa5bdad529f65b21edfd.jpg 354,307,457,422,0
F:\dp\4\yolov4-tiny-pytorch-master\VOCdevkit/VOC2007/JPEGImages/IMG_8523_jpg.rf.b0834c4ac753865c2c89427a2bea0359.jpg 353,277,438,490,0 445,23,532,167,0 410,371,513,613,0 431,416,599,543,0 300,436,378,631,0
F:\dp\4\yolov4-tiny-pytorch-master\VOCdevkit/VOC2007/JPEGImages/IMG_8527_jpg.rf.665beee325377633012877f4180dc95e.jpg 391,265,602,345,0 407,327,585,457,0 282,404,476,474,0 236,276,349,374,0 200,419,323,594,0 231,435,479,523,0
F:\dp\4\yolov4-tiny-pytorch-master\VOCdevkit/VOC2007/JPEGImages/IMG_8531_jpg.rf.abe45b49de6d004d043f2e5bda2763bd.jpg 282,137,387,244,3 326,533,495,681,3 288,441,366,521,3 264,670,339,758,3
F:\dp\4\yolov4-tiny-pytorch-master\VOCdevkit/VOC2007/JPEGImages/IMG_8534_jpg.rf.85886ccc87bbbd85796f4454f9851446.jpg 465,330,591,400,3 579,329,642,392,3 522,355,677,493,3 64,288,132,393,3 261,312,345,385,3 277,204,358,259,3 111,285,166,366,3
F:\dp\4\yolov4-tiny-pytorch-master\VOCdevkit/VOC2007/JPEGImages/IMG_8535_MOV-2_jpg.rf.b38dd29d6e6a5f33ca469b61999c5c01.jpg 353,236,464,365,3 270,218,317,291,3 179,214,240,279,3 829,69,886,129,3 309,237,367,282,3 408,243,450,288,3
F:\dp\4\yolov4-tiny-pytorch-master\VOCdevkit/VOC2007/JPEGImages/IMG_8535_MOV-3_jpg.rf.5b8daac9353f088bac733681586e1450.jpg 658,355,752,469,3 868,487,995,576,3 361,150,438,214,3 906,173,992,224,3
F:\dp\4\yolov4-tiny-pytorch-master\VOCdevkit/VOC2007/JPEGImages/IMG_8536_jpg.rf.cead5d43fe445a3083e912b5423210c3.jpg 452,442,704,701,0 267,1,361,169,0 689,55,753,200,0 23,1,87,59,0
F:\dp\4\yolov4-tiny-pytorch-master\VOCdevkit/VOC2007/JPEGImages/IMG_8537_jpg.rf.1f059c846fe8abe264f2b19d87dd449a.jpg 735,18,806,223,0 376,274,487,479,0 288,372,386,545,0 411,133,475,262,0 462,231,506,312,0 428,614,480,674,0 674,173,773,225,0 274,140,329,191,0
F:\dp\4\yolov4-tiny-pytorch-master\VOCdevkit/VOC2007/JPEGImages/IMG_8538_jpg.rf.58ba4aa95d033ec5c8250dec676c5679.jpg 455,452,561,665,0 309,192,462,366,0 807,258,877,404,0 823,68,892,202,0 763,255,869,382,0 357,711,451,768,0 752,492,882,545,0 337,478,427,551,0
F:\dp\4\yolov4-tiny-pytorch-master\VOCdevkit/VOC2007/JPEGImages/IMG_8544_jpg.rf.e4e5c8c67143fdcaa8e9da9400e8f3ee.jpg 525,49,629,199,0 149,98,183,168,0 295,11,332,74,0 351,153,408,209,0 525,464,571,513,0 527,4,597,52,0 303,438,363,484,0 425,193,451,235,0 267,23,295,63,0 240,197,263,232,0 234,24,261,58,0 203,1,239,33,0 476,221,501,253,0 412,298,469,330,0 285,169,312,200,0 170,199,195,228,0 334,400,366,427,0 289,514,331,544,0
F:\dp\4\yolov4-tiny-pytorch-master\VOCdevkit/VOC2007/JPEGImages/IMG_8545_jpg.rf.ff50b7c81c0f9479325eec03e7ce2191.jpg 442,71,577,363,0 398,254,471,390,0 126,532,207,667,0 537,544,626,638,0 351,45,425,123,0 314,1,418,65,0 641,358,723,418,0 233,661,361,705,0 60,254,94,319,0
F:\dp\4\yolov4-tiny-pytorch-master\VOCdevkit/VOC2007/JPEGImages/IMG_8546_jpg.rf.dfb175317253d2e8afe729282cb03fb7.jpg 389,128,499,272,0 662,182,837,315,0 414,624,524,755,0 6,59,78,180,0 384,299,457,404,0 629,656,731,736,0 284,632,449,710,0 97,690,181,768,0 162,676,226,754,0 36,516,79,587,0 312,295,359,358,0 46,283,94,332,0 45,1,96,44,0
F:\dp\4\yolov4-tiny-pytorch-master\VOCdevkit/VOC2007/JPEGImages/IMG_8548_jpg.rf.a4d3450e14fbb48bf958673fb404548b.jpg 539,173,648,270,0 774,323,908,391,0 320,684,408,726,0 98,469,216,566,0
F:\dp\4\yolov4-tiny-pytorch-master\VOCdevkit/VOC2007/JPEGImages/IMG_8550_jpg.rf.7f9f25d5d968b77bc0664fb82fc9a9c9.jpg 293,1,527,622,0
F:\dp\4\yolov4-tiny-pytorch-master\VOCdevkit/VOC2007/JPEGImages/IMG_8551_MOV-2_jpg.rf.f1f22585ffc08ad0edef73faac0501a3.jpg 214,1,284,139,0 376,305,502,404,0 457,733,495,831,0 216,196,290,268,0 47,528,169,596,0 102,172,154,210,0 73,114,102,149,0 2,568,135,643,0
F:\dp\4\yolov4-tiny-pytorch-master\VOCdevkit/VOC2007/JPEGImages/IMG_8551_MOV-3_jpg.rf.3505a2122c7e4b55a4332d088f57ab98.jpg 405,247,539,335,0 385,108,510,188,0 170,402,260,469,0 460,175,561,240,0 7,482,73,536,0 253,381,303,427,0 89,33,152,62,0
F:\dp\4\yolov4-tiny-pytorch-master\VOCdevkit/VOC2007/JPEGImages/IMG_8551_MOV-4_jpg.rf.f3784ce90069a27a41d01dbc9f7d53cb.jpg 278,489,356,546,0 520,522,576,590,0 186,308,262,368,0 380,227,467,295,0 237,193,305,251,0 133,208,188,255,0 174,218,211,272,0 120,230,158,277,0 421,109,474,142,0 125,126,158,166,0 417,60,468,93,0 384,24,422,67,0 181,392,223,465,0 204,184,242,229,0 281,108,312,154,0 539,90,576,190,0
F:\dp\4\yolov4-tiny-pytorch-master\VOCdevkit/VOC2007/JPEGImages/IMG_8552_jpg.rf.61ac5f24f64530252d883e103a66c807.jpg 614,300,980,627,0 195,241,485,429,0
F:\dp\4\yolov4-tiny-pytorch-master\VOCdevkit/VOC2007/JPEGImages/IMG_8558_jpg.rf.f31804f23631236926f699aa7bea77c1.jpg 908,290,1024,444,0 891,197,1024,294,0 902,483,1022,610,0 628,416,1017,719,0 744,61,821,137,0 705,2,817,61,0 322,682,363,736,0
F:\dp\4\yolov4-tiny-pytorch-master\VOCdevkit/VOC2007/JPEGImages/IMG_8560_jpg.rf.44a3f330855373c73485e4909aedabaa.jpg 322,85,697,747,0 578,91,707,194,0 666,542,788,769,0
F:\dp\4\yolov4-tiny-pytorch-master\VOCdevkit/VOC2007/JPEGImages/IMG_8570_jpg.rf.22a9bfaa76e035e692aaac3a49df03b8.jpg 298,1,512,469,4
F:\dp\4\yolov4-tiny-pytorch-master\VOCdevkit/VOC2007/JPEGImages/IMG_8571_MOV-0_jpg.rf.f4ca11babed3711ce449c6a066be33a5.jpg 41,302,576,513,4
F:\dp\4\yolov4-tiny-pytorch-master\VOCdevkit/VOC2007/JPEGImages/IMG_8571_MOV-1_jpg.rf.b22e2df287efb2b9ecd33c88a607e31e.jpg 26,295,576,530,4
F:\dp\4\yolov4-tiny-pytorch-master\VOCdevkit/VOC2007/JPEGImages/IMG_8571_MOV-2_jpg.rf.6620ac28d99d209e5681394478eb5993.jpg 500,246,576,362,0 1,494,524,671,4
F:\dp\4\yolov4-tiny-pytorch-master\VOCdevkit/VOC2007/JPEGImages/IMG_8571_MOV-4_jpg.rf.d7b7c24c46f21df8cca7ae652464d2d1.jpg 3,351,267,477,0 93,497,501,641,0
F:\dp\4\yolov4-tiny-pytorch-master\VOCdevkit/VOC2007/JPEGImages/IMG_8571_MOV-5_jpg.rf.c8b11ac37b7b57b79bba5e4aec07ad73.jpg 1,447,120,608,4
F:\dp\4\yolov4-tiny-pytorch-master\VOCdevkit/VOC2007/JPEGImages/IMG_8572_MOV-0_jpg.rf.1a301d11ffdd3cb15653d44ea193ff1e.jpg 1,181,425,435,4
F:\dp\4\yolov4-tiny-pytorch-master\VOCdevkit/VOC2007/JPEGImages/IMG_8572_MOV-2_jpg.rf.70025aa545c1d5039981b13562400636.jpg 1,470,576,926,4
F:\dp\4\yolov4-tiny-pytorch-master\VOCdevkit/VOC2007/JPEGImages/IMG_8575_jpg.rf.1cf3080cdc0d1afae6f57dbd147c9e3c.jpg 1,325,996,676,4
F:\dp\4\yolov4-tiny-pytorch-master\VOCdevkit/VOC2007/JPEGImages/IMG_8578_MOV-1_jpg.rf.7ba2500fc572cf5045ab9880ae2ed106.jpg 128,163,559,463,4
F:\dp\4\yolov4-tiny-pytorch-master\VOCdevkit/VOC2007/JPEGImages/IMG_8578_MOV-2_jpg.rf.2e5101d836971fa36cc0876c718069bb.jpg 177,197,714,419,0 2,77,382,243,0
F:\dp\4\yolov4-tiny-pytorch-master\VOCdevkit/VOC2007/JPEGImages/IMG_8580_jpg.rf.9b5f56c09ea8a7933c2c575f7e9a3f14.jpg 500,110,586,230,0 568,118,636,235,0 653,262,752,373,0 447,1,544,110,0 8,456,49,558,0 553,560,661,660,0 505,344,591,439,0 806,260,864,355,0 553,278,625,372,0 346,556,390,648,0 456,136,515,228,0 636,183,707,275,0 589,243,681,333,0 268,463,307,552,0 457,300,534,379,0 255,244,294,313,0 219,388,250,457,0 314,286,342,354,0 324,438,354,506,0 136,390,163,455,0 558,383,633,447,0 593,446,645,508,0 313,204,349,264,0 335,506,364,565,0 155,308,185,365,0 214,313,241,366,0 438,105,481,155,0 352,161,376,209,0 45,368,67,416,0 299,383,324,428,0 324,387,358,432,0 379,226,424,263,0 468,524,488,560,0 485,653,506,688,0 413,657,442,691,0 402,177,435,210,0 201,108,220,141,0 513,554,531,587,0 190,1,214,30,0 806,465,859,494,0 455,557,464,585,0 425,628,442,654,0 467,580,480,605,0 270,140,284,163,0 221,123,248,145,0 203,79,231,101,0 220,161,231,180,0 442,565,454,584,0 174,160,195,179,0 263,52,280,70,0 294,107,314,124,0 316,99,329,113,0 966,606,967,607,0 330,287,398,530,6
F:\dp\4\yolov4-tiny-pytorch-master\VOCdevkit/VOC2007/JPEGImages/IMG_8581_MOV-0_jpg.rf.655f2e11059aeb33350230db32b7f927.jpg 477,582,546,660,0 540,523,576,597,0 357,594,429,648,0 418,211,487,263,0 378,158,461,210,0 499,263,576,311,0 235,447,280,481,0 290,484,336,511,0 249,415,284,439,0 315,410,334,418,0 123,344,353,434,6
F:\dp\4\yolov4-tiny-pytorch-master\VOCdevkit/VOC2007/JPEGImages/IMG_8581_MOV-2_jpg.rf.8a021efa01d74e83787c1af4fd56c69b.jpg 388,421,556,560,0 32,392,189,531,0 314,482,409,616,0 103,40,539,164,4 62,538,239,658,0 42,245,135,359,0 62,348,221,450,0 219,235,351,328,0 253,331,397,419,0 223,407,338,494,0 365,310,506,395,0 440,220,526,279,0 13,175,48,231,0 125,181,181,232,0 469,99,506,139,0 515,35,541,70,0 421,46,454,72,0 170,67,208,88,0 377,78,409,95,0
F:\dp\4\yolov4-tiny-pytorch-master\VOCdevkit/VOC2007/JPEGImages/IMG_8581_MOV-3_jpg.rf.186677ddac0ca95f01b07c0814c87171.jpg 126,531,302,683,0 259,499,423,640,0 262,273,353,406,0 277,375,385,504,0 431,575,536,696,0 2,468,108,586,0 144,420,213,533,0 174,353,262,458,0 443,327,540,432,0 392,307,468,410,0 38,392,129,494,0 402,429,529,526,0 508,319,576,412,0 437,496,550,586,0 141,270,198,359,0 312,272,389,361,0 1,117,111,191,4 233,82,283,122,0 489,53,541,87,0 367,81,393,105,0
F:\dp\4\yolov4-tiny-pytorch-master\VOCdevkit/VOC2007/JPEGImages/IMG_8581_MOV-4_jpg.rf.1d8182747d4e43163f55b5bdbf36a8af.jpg 1,585,76,705,0 144,636,300,751,0 276,409,411,515,0 213,254,576,358,4 63,565,160,666,0 164,364,255,464,0 185,487,273,587,0 471,457,576,555,0 357,687,459,781,0 456,696,551,790,0 317,518,386,611,0 161,547,243,638,0 295,325,394,410,0 417,431,498,508,0 83,493,163,569,0 393,553,485,628,0 275,608,354,681,0 471,553,567,620,0 474,625,551,685,0 506,207,557,243,0 168,297,208,320,0 558,164,576,185,0 103,239,135,260,0 487,141,500,161,0 352,201,380,221,0 454,219,485,236,0 137,60,158,74,0 335,101,356,113,0
F:\dp\4\yolov4-tiny-pytorch-master\VOCdevkit/VOC2007/JPEGImages/IMG_8582_MOV-1_jpg.rf.7aaeb1f509ee4b0ee1194f2d3f97ab7b.jpg 4,435,79,707,0 343,529,576,764,4 40,431,255,537,6 393,237,468,266,0 320,242,468,383,0
F:\dp\4\yolov4-tiny-pytorch-master\VOCdevkit/VOC2007/JPEGImages/IMG_8590_MOV-1_jpg.rf.5e5c650f344f8d835e04f867c6496953.jpg 78,166,318,462,1 282,381,514,576,1 71,477,202,666,1 1,358,62,511,1 519,708,576,801,1 305,851,398,932,1
F:\dp\4\yolov4-tiny-pytorch-master\VOCdevkit/VOC2007/JPEGImages/IMG_8590_MOV-3_jpg.rf.5acced567b7a3d53c4cf07768f40e770.jpg 325,7,520,236,6 120,85,348,294,6 165,769,284,905,6 444,320,576,448,6 374,1,548,121,1 424,517,491,576,6 564,431,576,491,6 564,447,576,489,1 485,82,576,253,6
F:\dp\4\yolov4-tiny-pytorch-master\VOCdevkit/VOC2007/JPEGImages/IMG_8591_MOV-0_jpg.rf.950e816e96ad35460046e2402c0f26a9.jpg 152,258,208,324,1 201,324,259,380,1 380,287,445,337,1 376,678,424,725,1 341,352,411,398,1 71,449,117,495,1 273,77,333,122,1 506,164,574,208,1 45,306,95,350,1 337,285,375,328,1 468,652,507,695,1 440,803,492,845,1 38,599,93,639,1 39,549,92,587,1 145,963,177,1000,1 248,872,284,908,1 192,210,238,245,1 535,722,556,757,1 507,763,532,798,1 563,204,576,239,1 517,301,557,335,1 208,509,250,539,1 307,425,352,455,1 301,996,351,1024,1 11,405,71,430,1 238,1,284,15,1
F:\dp\4\yolov4-tiny-pytorch-master\VOCdevkit/VOC2007/JPEGImages/IMG_8593_MOV-2_jpg.rf.e9995795a521680a6f70f03810142d58.jpg 359,184,484,310,1 322,323,435,417,1 425,583,496,662,1 533,733,576,805,1 224,686,297,753,1 412,963,517,1024,1 57,767,92,825,1 169,452,238,509,1 259,358,313,408,1 293,713,338,758,1 75,1,189,43,1 48,489,90,530,1 489,837,532,877,1 8,394,33,429,1 558,645,576,677,1 381,461,432,492,1 446,362,475,392,1 452,777,484,805,1 138,622,179,646,1 155,936,213,997,1
F:\dp\4\yolov4-tiny-pytorch-master\VOCdevkit/VOC2007/JPEGImages/IMG_8594_jpg.rf.c5476deec8c02b1ed2d106d5bb1a883d.jpg 246,446,376,612,1 294,19,366,172,1 171,529,308,672,1 628,512,709,651,1 159,282,288,418,1 682,592,773,727,1 774,323,875,457,1 90,341,199,466,1 319,492,418,615,1 980,449,1024,573,1 254,67,317,186,1 509,52,556,170,1 552,262,682,379,1 553,579,625,695,1 556,113,605,228,1 589,334,692,449,1 380,151,496,264,1 401,99,466,209,1 677,331,774,438,1 763,251,835,358,1 834,225,900,331,1 848,463,925,569,1 90,517,195,622,1 456,449,563,554,1 293,633,379,738,1 10,2,160,105,1 366,420,452,521,1 288,277,440,372,1 713,46,807,140,1 750,160,849,253,1 690,487,739,578,1 476,328,555,416,1 610,173,664,261,1 570,2,633,85,1 484,2,539,83,1 670,280,741,361,1 292,688,410,768,1 229,372,304,452,1 894,263,940,343,1 832,572,923,650,1 749,236,791,310,1 406,346,465,415,1 888,215,947,284,1 310,353,393,419,1 746,2,834,68,1 195,112,271,177,1 221,248,282,310,1 316,231,397,292,1 657,449,712,506,1 600,539,695,594,1 551,694,600,749,1 481,273,573,327,1 321,610,425,662,1 668,243,710,292,1 921,485,984,531,1 204,401,234,442,1
F:\dp\4\yolov4-tiny-pytorch-master\VOCdevkit/VOC2007/JPEGImages/IMG_8595_MOV-2_jpg.rf.055891706f32e5310829f3a0a46cec5e.jpg 106,524,249,674,1 315,578,454,701,1 371,398,489,531,1 303,529,411,615,1 115,729,200,842,1 17,869,145,1001,1 288,777,404,897,1 337,744,483,874,1 412,693,530,794,1 414,858,570,929,1 351,907,466,1021,1 471,269,576,394,1 288,113,473,230,1 48,4,217,145,1 160,112,272,244,1 8,235,136,373,1 4,108,107,200,1 272,4,412,89,1 279,261,357,480,1 191,364,268,470,1 484,7,576,201,1 1,625,97,717,1 52,590,182,712,1 202,609,333,717,1 473,552,562,658,1 297,207,429,268,1 337,321,382,362,1 337,253,443,339,1 560,580,576,649,1 458,943,546,985,1 176,743,246,791,1 1,594,80,656,1
F:\dp\4\yolov4-tiny-pytorch-master\VOCdevkit/VOC2007/JPEGImages/IMG_8598_jpg.rf.761ffe2966ae3fae2a3f5615df36370e.jpg 535,293,565,327,1 548,280,581,312,1 496,208,527,235,1 391,269,425,298,1 481,304,523,341,1 417,460,441,485,1 410,572,437,594,1 288,538,315,563,1
F:\dp\4\yolov4-tiny-pytorch-master\VOCdevkit/VOC2007/JPEGImages/IMG_8599_MOV-0_jpg.rf.3bd4fd78a244fdb4e48556896c70de74.jpg 380,544,415,601,1 353,490,394,536,1 405,372,438,409,1 474,512,515,548,1 70,269,98,303,1 168,386,197,417,1 45,412,70,441,1
F:\dp\4\yolov4-tiny-pytorch-master\VOCdevkit/VOC2007/JPEGImages/IMG_8599_MOV-2_jpg.rf.0b2b0733befaae0b08c0e04b86f295b9.jpg 145,514,226,609,1 197,234,251,315,1 382,596,454,657,1 184,598,267,713,1
